
Reaction test v3
type	A+B+C
number	1000

max value	65536
unit	us

test	A	B	C
0	99	132	122
1	947	959	931
2	303	319	332
3	617	630	642
4	685	658	675
5	431	443	419
6	635	647	658
7	304	292	318
8	431	415	443
9	511	527	540
10	968	956	942
11	3205	3191	3177
12	189	176	203
13	241	255	266
14	504	530	520
15	96	120	110
16	314	328	340
17	342	356	370
18	168	181	193
19	834	817	848
20	26	988	12
21	189	212	202
22	219	206	233
23	618	642	634
24	606	592	620
25	609	634	624
26	562	578	589
27	324	349	339
28	749	737	723
29	412	423	435
30	64	35	52
31	943	955	929
32	653	624	642
33	448	473	463
34	343	313	328
35	316	328	340
36	234	246	260
37	386	398	370
38	290	313	303
39	20	1003	7
40	671	683	659
41	136	150	162
42	928	940	915
43	203	192	180
44	102	130	118
45	953	924	942
46	46	60	72
47	724	738	750
48	103	130	118
49	887	862	877
50	4515	4538	4528
51	586	612	600
52	149	173	163
53	743	721	733
54	573	602	589
55	462	476	488
56	836	820	849
57	405	428	418
58	86	100	72
59	751	763	777
60	287	310	300
61	332	344	320
62	495	481	507
63	235	249	261
64	859	843	871
65	196	220	210
66	161	173	147
67	847	872	862
68	439	425	411
69	763	749	777
70	1025	1006	7
71	748	726	738
72	2423	2397	2413
73	300	312	284
74	4332	4320	4308
75	131	143	115
76	172	158	186
77	668	692	682
78	345	368	358
79	90	78	66
80	607	631	621
81	783	800	814
82	69	83	96
83	267	281	293
84	322	346	336
85	629	643	655
86	588	611	601
87	854	842	828
88	1972	1962	1950
89	846	819	834
90	346	359	371
91	772	758	784
92	644	632	618
93	245	268	258
94	174	160	188
95	408	421	433
96	494	480	466
97	487	514	504
98	38	62	52
99	435	445	421
100	656	679	669
101	320	334	305
102	887	897	873
103	353	383	371
104	927	953	943
105	782	768	754
106	967	981	993
107	167	138	155
108	240	227	252
109	558	572	584
110	75	102	90
111	643	671	657
112	912	926	938
113	491	464	480
114	164	190	178
115	415	426	401
116	753	779	769
117	479	493	505
118	83	67	97
119	600	613	625
120	923	911	897
121	688	701	715
122	820	834	846
123	507	495	481
124	146	169	159
125	166	196	184
126	717	731	743
127	33	57	47
128	569	554	583
129	416	441	429
130	9	1015	1002
131	227	240	254
132	128	101	118
133	257	269	243
134	175	189	203
135	734	706	722
136	601	617	631
137	200	213	225
138	743	731	719
139	888	912	902
140	270	259	247
141	125	137	148
142	305	293	279
143	328	339	353
144	581	593	568
145	273	297	287
146	151	180	168
147	1037	1027	1014
148	680	665	694
149	711	729	699
150	16	28	40
151	223	210	237
152	1035	1006	1021
153	958	947	933
154	132	156	146
155	674	688	699
156	141	115	131
157	762	786	776
158	981	993	965
159	112	126	139
160	292	306	318
161	157	184	172
162	3214	3188	3204
163	799	811	783
164	318	332	344
165	906	878	894
166	295	307	319
167	815	841	829
168	312	324	336
169	257	243	269
170	539	551	563
171	793	805	779
172	652	674	666
173	677	663	649
174	222	248	238
175	107	120	132
176	655	629	645
177	1190	1178	1164
178	103	74	92
179	216	240	230
180	207	221	233
181	138	163	153
182	367	389	381
183	397	421	411
184	507	479	495
185	54	70	78
186	1002	992	978
187	843	869	859
188	940	928	916
189	235	259	249
190	652	676	666
191	792	767	782
192	3413	3401	3387
193	354	327	343
194	510	520	496
195	290	278	262
196	458	474	486
197	110	123	135
198	975	950	965
199	556	580	570
200	13	1020	26
201	496	518	510
202	202	229	217
203	470	482	493
204	857	832	847
205	108	133	123
206	691	720	708
207	972	996	986
208	88	59	76
209	818	804	830
210	879	891	902
211	903	873	891
212	565	589	579
213	884	872	856
214	850	838	826
215	596	619	609
216	55	69	83
217	406	418	430
218	415	431	445
219	829	853	843
220	410	434	424
221	351	379	367
222	153	177	167
223	784	796	768
224	686	698	711
225	401	425	415
226	18	42	32
227	346	370	362
228	461	434	450
229	342	366	356
230	536	548	559
231	494	468	484
232	288	312	302
233	979	954	969
234	234	258	248
235	365	390	380
236	918	931	943
237	875	887	862
238	128	140	116
239	559	572	545
240	784	772	759
241	714	737	727
242	411	395	424
243	861	885	875
244	880	892	904
245	639	662	652
246	80	106	96
247	1301	1278	1291
248	586	611	601
249	730	717	703
250	764	778	790
251	849	865	878
252	806	829	819
253	2938	2962	2952
254	125	150	140
255	2216	2239	2229
256	883	895	906
257	468	482	454
258	179	191	205
259	302	271	289
260	134	160	150
261	675	688	700
262	20	36	47
263	2075	2063	2045
264	680	694	665
265	663	689	679
266	795	807	818
267	369	379	355
268	834	846	858
269	272	284	258
270	296	322	310
271	1065	8	22
272	726	713	699
273	580	592	604
274	409	422	395
275	540	528	517
276	283	254	272
277	693	665	681
278	530	554	544
279	908	880	896
280	212	225	239
281	1312	1288	1303
282	885	858	873
283	510	498	486
284	759	744	771
285	421	435	447
286	863	847	874
287	779	803	793
288	540	552	528
289	650	664	676
290	101	113	88
291	556	568	580
292	911	934	926
293	713	741	731
294	132	156	146
295	992	965	980
296	745	769	759
297	972	960	946
298	3142	3169	3158
299	666	654	640
300	757	769	743
301	442	466	456
302	645	629	659
303	170	196	186
304	170	182	196
305	28	58	43
306	272	295	285
307	391	417	407
308	32	8	22
309	781	805	795
310	128	116	102
311	939	953	965
312	810	822	796
313	642	668	658
314	591	575	602
315	693	705	717
316	657	679	671
317	1329	1354	1344
318	301	287	273
319	704	716	728
320	38	62	54
321	131	116	143
322	451	465	477
323	984	996	968
324	1815	1804	1790
325	884	872	858
326	42	56	68
327	1004	1018	9
328	435	357	373
329	834	857	849
330	682	654	670
331	893	907	921
332	297	309	321
333	696	671	686
334	653	677	667
335	494	510	524
336	1007	993	1020
337	679	665	652
338	625	651	641
339	31	43	54
340	1032	1018	1045
341	134	146	160
342	449	421	439
343	205	219	231
344	1011	23	11
345	547	559	534
346	529	517	503
347	149	174	164
348	434	450	464
349	694	718	708
350	697	681	716
351	74	90	102
352	578	602	592
353	403	390	376
354	536	559	549
355	74	64	52
356	848	860	874
357	976	958	986
358	650	664	676
359	321	333	305
360	14	28	40
361	936	950	962
362	355	388	375
363	40	54	66
364	14	28	40
365	355	329	347
366	622	646	636
367	168	182	194
368	35	61	51
369	882	896	910
370	309	320	334
371	539	509	525
372	430	404	420
373	814	830	842
374	298	311	323
375	382	366	396
376	514	490	504
377	725	749	739
378	334	318	348
379	777	803	793
380	138	161	151
381	206	232	222
382	325	349	339
383	826	839	853
384	57	71	83
385	576	545	562
386	14	28	40
387	950	962	974
388	985	956	973
389	614	626	638
390	141	165	155
391	230	256	246
392	334	320	305
393	171	195	185
394	695	708	720
395	1294	1280	1304
396	61	85	75
397	687	661	677
398	536	548	559
399	443	430	416
400	271	287	298
401	114	138	128
402	167	155	140
403	209	225	237
404	145	116	133
405	397	409	385
406	3102	3078	3092
407	815	827	803
408	856	868	882
409	56	68	43
410	415	439	429
411	861	834	849
412	695	720	708
413	809	781	799
414	194	208	220
415	275	260	289
416	918	894	908
417	2576	2600	2590
418	1535	1547	1523
419	84	96	109
420	729	714	743
421	744	758	770
422	423	449	437
423	715	703	689
424	7	20	35
425	173	145	161
426	451	479	469
427	990	963	979
428	807	821	833
429	466	482	494
430	9	36	24
431	402	429	418
432	807	831	823
433	203	217	229
434	237	265	253
435	166	178	190
436	224	198	214
437	890	904	915
438	730	718	704
439	1214	1202	1190
440	607	623	631
441	420	432	406
442	127	151	141
443	640	628	614
444	669	694	684
445	842	813	830
446	819	808	796
447	300	288	273
448	42	66	56
449	946	936	924
450	959	971	946
451	599	611	623
452	309	296	323
453	187	210	200
454	929	943	955
455	770	755	782
456	868	884	892
457	51	37	65
458	631	656	646
459	41	55	27
460	179	203	193
461	519	543	533
462	595	569	585
463	915	928	942
464	982	994	968
465	46	59	71
466	251	262	274
467	87	103	116
468	607	633	623
469	817	839	831
470	799	813	827
471	957	974	982
472	580	564	592
473	792	804	816
474	917	903	929
475	901	925	917
476	647	690	690
477	683	669	696
478	594	618	608
479	263	237	253
480	108	122	134
481	233	221	205
482	672	696	686
483	929	943	955
484	917	892	907
485	838	850	861
486	946	973	963
487	785	799	811
488	614	640	630
489	444	470	458
490	513	487	505
491	934	948	960
492	207	221	233
493	115	141	131
494	185	196	208
495	514	500	527
496	299	313	325
497	412	400	386
498	949	973	963
499	227	215	240
500	583	606	596
501	591	580	566
502	873	897	887
503	465	454	438
504	436	448	460
505	356	380	370
506	421	435	448
507	193	218	208
508	401	413	389
509	804	829	817
510	420	433	445
511	985	973	960
512	686	699	711
513	100	114	126
514	828	841	853
515	280	292	264
516	228	241	255
517	96	67	84
518	1298	1274	1288
519	554	540	526
520	466	440	456
521	277	263	247
522	685	659	673
523	582	606	596
524	63	51	37
525	207	221	233
526	538	549	561
527	619	605	633
528	267	253	238
529	599	627	615
530	328	340	352
531	386	412	402
532	599	613	625
533	959	933	949
534	408	431	421
535	243	260	230
536	905	928	918
537	430	446	460
538	776	799	789
539	680	654	670
540	38	62	52
541	256	226	246
542	401	425	415
543	708	720	695
544	991	991	1000
545	170	198	188
546	712	724	737
547	884	870	856
548	466	478	490
549	658	631	648
550	3	28	18
551	245	272	260
552	1207	1179	1192
553	368	344	358
554	730	746	755
555	1635	1611	1627
556	891	867	881
557	314	338	328
558	720	693	708
559	470	483	497
560	196	210	228
561	633	623	609
562	1002	1015	7
563	845	857	869
564	22	1008	10
565	494	518	508
566	567	583	597
567	48	76	64
568	490	514	504
569	663	687	677
570	957	985	973
571	239	263	253
572	48	62	74
573	819	830	842
574	381	353	369
575	2834	2808	2822
576	204	189	218
577	395	409	421
578	110	134	124
579	265	291	281
580	597	629	615
581	405	428	418
582	117	103	130
583	363	388	378
584	146	133	160
585	678	691	705
586	625	611	595
587	437	449	425
588	999	1025	1015
589	797	812	826
590	339	326	353
591	185	199	212
592	976	964	952
593	718	745	733
594	387	399	411
595	881	870	856
596	493	507	520
597	878	902	892
598	209	225	238
599	824	812	798
600	662	635	650
601	112	124	136
602	68	41	56
603	645	658	672
604	118	106	95
605	483	497	511
606	355	343	329
607	550	564	578
608	788	760	776
609	733	745	720
610	272	245	260
611	568	579	554
612	166	180	192
613	408	423	437
614	479	493	505
615	1010	1038	1028
616	346	368	359
617	766	780	794
618	714	737	727
619	435	446	461
620	344	358	370
621	730	704	720
622	834	857	847
623	1877	1848	1864
624	824	814	802
625	407	396	384
626	282	306	296
627	344	368	358
628	468	491	481
629	50	62	39
630	427	441	455
631	589	563	579
632	290	314	304
633	100	90	76
634	978	1003	993
635	536	511	526
636	690	703	717
637	976	946	964
638	521	507	533
639	187	213	203
640	639	623	653
641	874	901	888
642	115	141	131
643	75	87	61
644	674	686	698
645	822	806	793
646	243	257	269
647	958	980	971
648	551	535	563
649	534	548	559
650	841	808	822
651	725	738	753
652	569	595	583
653	886	900	914
654	309	336	324
655	14	40	30
656	669	692	682
657	907	923	937
658	97	83	111
659	7	975	993
660	956	975	944
661	5798	5826	5812
662	892	915	905
663	448	471	461
664	224	238	252
665	387	411	401
666	971	944	959
667	2323	2347	2337
668	763	751	738
669	802	832	818
670	487	503	516
671	851	864	878
672	16	40	30
673	459	486	474
674	461	487	477
675	810	785	798
676	617	630	642
677	443	465	457
678	637	652	666
679	787	799	811
680	956	968	940
681	691	715	705
682	448	460	472
683	864	850	878
684	375	388	402
685	993	965	983
686	614	628	640
687	57	81	71
688	506	491	520
689	434	406	422
690	372	386	398
691	149	161	136
692	179	191	205
693	311	300	325
694	266	292	282
695	431	443	455
696	173	159	183
697	871	883	897
698	973	985	960
699	318	330	306
700	671	696	686
701	874	886	858
702	627	641	653
703	802	825	815
704	588	614	604
705	608	630	622
706	688	700	674
707	802	826	816
708	424	412	398
709	352	365	377
710	151	179	167
711	665	679	693
712	388	405	419
713	625	655	641
714	745	733	719
715	294	306	320
716	742	712	728
717	804	828	818
718	55	27	43
719	297	323	313
720	505	519	531
721	228	216	202
722	288	311	301
723	1490	1478	1466
724	712	726	739
725	633	656	646
726	107	93	120
727	954	978	968
728	318	330	342
729	690	703	717
730	637	661	651
731	987	1003	1015
732	159	185	173
733	934	946	920
734	517	531	543
735	872	884	860
736	665	693	681
737	24	37	49
738	698	670	686
739	282	306	296
740	426	397	414
741	279	302	292
742	657	631	647
743	9	25	33
744	1009	998	984
745	230	242	254
746	811	823	835
747	468	480	494
748	258	273	287
749	462	476	488
750	309	320	334
751	644	632	617
752	3664	3653	3641
753	631	645	657
754	974	998	988
755	752	727	742
756	98	124	114
757	731	760	748
758	462	486	476
759	747	769	761
760	361	377	388
761	106	128	120
762	830	844	855
763	240	253	265
764	499	483	512
765	2418	2446	2434
766	188	202	216
767	286	309	299
768	726	710	737
769	425	451	441
770	426	412	438
771	517	541	531
772	1698	1722	1713
773	826	850	840
774	446	463	475
775	381	367	395
776	676	700	691
777	199	172	187
778	912	938	928
779	35	7	23
780	704	676	690
781	434	458	448
782	391	363	381
783	4438	4463	4451
784	11	983	999
785	496	521	509
786	596	611	625
787	641	653	627
788	1000	972	988
789	838	865	853
790	949	963	977
791	828	852	842
792	631	644	656
793	351	339	327
794	408	434	424
795	331	353	345
796	90	102	76
797	194	220	210
798	186	170	198
799	653	684	667
800	736	752	765
801	97	111	125
802	2842	2866	2856
803	169	157	181
804	151	127	141
805	635	651	664
806	405	393	417
807	389	413	403
808	896	921	911
809	193	164	182
810	552	564	578
811	991	963	981
812	712	740	730
813	370	398	386
814	518	490	508
815	567	591	581
816	240	252	226
817	378	403	393
818	852	826	842
819	2618	2644	2634
820	550	574	564
821	384	407	397
822	546	516	534
823	643	629	657
824	5407	5433	5421
825	964	952	940
826	65	84	98
827	292	264	280
828	728	701	716
829	821	850	835
830	237	209	225
831	937	949	925
832	39	53	66
833	681	669	655
834	930	944	918
835	86	97	109
836	663	689	679
837	701	713	725
838	732	704	720
839	248	225	238
840	1014	998	1028
841	281	304	294
842	5	981	997
843	581	604	594
844	104	128	118
845	533	508	523
846	130	144	158
847	846	835	821
848	594	618	608
849	82	109	99
850	206	233	222
851	817	840	830
852	193	177	206
853	1818	1794	1808
854	387	358	375
855	382	405	395
856	528	556	544
857	695	710	722
858	826	850	840
859	918	940	932
860	698	673	688
861	348	372	362
862	564	580	595
863	30	14	44
864	534	557	547
865	235	221	208
866	219	233	245
867	828	813	842
868	459	473	486
869	237	225	209
870	825	837	812
871	292	306	318
872	726	700	714
873	535	552	560
874	325	296	315
875	768	781	793
876	614	628	640
877	867	857	843
878	959	983	973
879	800	825	815
880	337	351	362
881	397	422	412
882	3080	3103	3093
883	151	177	167
884	423	448	438
885	301	287	273
886	343	366	356
887	832	844	819
888	203	229	217
889	59	75	88
890	316	340	330
891	1011	1000	984
892	815	828	840
893	1302	1330	1318
894	108	82	98
895	954	978	968
896	823	810	837
897	211	225	237
898	918	946	934
899	42	54	66
900	959	971	983
901	565	541	555
902	230	244	258
903	752	775	765
904	796	809	821
905	575	591	605
906	461	488	477
907	472	496	486
908	63	75	87
909	1000	1014	5
910	958	985	973
911	567	579	591
912	95	122	112
913	323	337	351
914	460	431	448
915	270	282	256
916	371	358	344
917	633	657	647
918	11	1016	1000
919	471	435	456
920	355	326	343
921	359	373	385
922	112	136	126
923	879	891	865
924	648	662	674
925	512	485	500
926	84	108	98
927	164	178	190
928	522	548	538
929	863	877	889
930	765	779	751
931	301	319	332
932	24	46	38
933	426	410	440
934	298	321	311
935	711	699	685
936	716	730	741
937	288	275	300
938	819	833	844
939	971	957	985
940	1002	1016	7
941	521	533	544
942	983	956	973
943	398	422	414
944	495	480	509
945	949	975	965
946	349	322	337
947	590	616	606
948	159	143	173
949	376	388	400
950	521	548	536
951	496	520	510
952	267	253	237
953	63	76	90
954	528	540	552
955	574	586	560
956	863	887	877
957	16	30	41
958	673	685	699
959	626	615	601
960	432	456	446
961	956	968	943
962	367	381	393
963	560	590	576
964	822	836	848
965	186	158	174
966	735	748	760
967	2619	2645	2635
968	250	236	222
969	783	796	808
970	1007	995	979
971	665	679	690
972	565	553	538
973	888	900	912
974	37	49	61
975	280	268	255
976	286	310	300
977	27	41	53
978	553	578	568
979	500	524	514
980	985	973	961
981	700	726	716
982	866	880	850
983	1030	1007	1022
984	113	139	129
985	387	371	400
986	706	730	720
987	501	511	487
988	582	596	608
989	360	372	342
990	459	473	485
991	94	68	82
992	279	305	293
993	946	931	960
994	79	65	91
995	461	484	474
996	863	833	851
997	845	859	872
998	773	787	799
999	434	448	460
