
Reaction test v3
type	A+B+C
number	1000

max value	65536
unit	us

test	A	B	C
0	3	44213	7759
1	45915	16550	13631
2	30958	2776	22996
3	12246	40543	153
4	3	26578	47229
5	41394	49417	11594
6	3195	19166	7
7	7722	7746	7736
8	15399	15409	15387
9	3618	19718	19706
10	56	15074	15063
11	24541	36638	44694
12	11135	23312	32876
13	2560	10649	10664
14	290	8174	8187
15	15105	23210	23223
16	13976	22068	29079
17	13224	13212	41557
18	46931	38777	14558
19	28208	16108	32269
20	12770	12784	28933
21	1218	5348	17500
22	42137	1736	17944
23	11048	23423	39727
24	32063	40155	12710
25	10707	10719	34984
26	43829	51892	7456
27	16158	16182	16172
28	16498	16484	16509
29	6414	6431	22515
30	16970	25049	33163
31	11214	32572	27496
32	8938	987	25147
33	6	49250	10593
34	3	25999	21065
35	4107	12979	29113
36	2982	11132	27424
37	2962	11061	27236
38	3	2032	56289
39	37718	45776	1240
40	21235	29166	37419
41	5	5164	13258
42	3	31048	18569
43	36910	9493	24785
44	29090	4752	16933
45	19	32795	7
46	47402	15080	31231
47	26901	47206	14742
48	18367	30507	38610
49	10186	18265	26375
50	18465	30706	46789
51	49768	5	13280
52	26769	14616	6565
53	7	4358	12446
54	3	17768	30028
55	4554	4541	13629
56	26498	14391	14379
57	overflow
