
Reaction test v3
type	A+B+C
number	1000

max value	65536
unit	us

test	A	B	C
0	30	7	42
1	8446	3	7
2	5	19	31
3	3	17	28
4	31	47	59
5	3	27	17
6	3	7	8805
7	31	5	23
8	31	21	5
9	7	31	21
10	7	19	31
11	5	27	17
12	29	7	19
13	28	17	5
14	3	7	3
15	8210	3	8
16	5	18	30
17	7	31	21
18	5	29	19
19	3	29	19
20	40	66	56
21	13379	3	7
22	47	19	5
23	17	5	29
24	7	21	33
25	20	32	8
26	17	27	5
27	8	3286	3
28	110	122	102
29	31	5	18
30	19	30	5
31	5	38	26
32	31	19	5
33	3	22	32
34	7	36	26
35	7	3	18643
36	7	21	32
37	9	28	40
38	31	19	7
39	5	22	36
40	20	30	7
41	23	5	37
42	21	7	33
43	33	21	9
44	7	21	33
45	33	23	9
46	27	15	5
47	3	4225	7
48	17	5	29
49	19	5	31
50	2756	8	3
51	21	7	33
52	19	31	7
53	30	18	6
54	29	5	19
55	9307	3	7
56	30	4	20
57	3	7	7912
58	67	87	80
59	4	28	18
60	5	27	17
61	16	26	5
62	17	27	7
63	27	5	17
64	29	5	19
65	26	16	4
66	3	15837	3
67	27	43	55
68	6	28	20
69	18	30	7
70	6997	8	3
71	28	18	6
72	3	3	7
73	17	27	7
74	18	6	30
75	3	16	26
76	7	23	31
77	18	30	8
78	18	30	6
79	19	29	7
80	20	30	8
81	19	7	31
82	33	23	7
83	27	5	19
84	7	35	21
85	7	3	6597
86	30	5	18
87	49	61	73
88	3	15	27
89	5	17	28
90	29	17	5
91	25	7	3
92	31	7	21
93	7	20	30
94	3	19	31
95	7	33	23
96	3	27	18
97	3	7	4380
98	17	27	5
99	21	31	7
100	17	5	29
101	32	6	22
102	29	7	19
103	6	20	32
104	27	17	5
105	17	5	29
106	7	22	34
107	19	5	31
108	28	18	7
109	27	17	5
110	15868	7	3
111	30	20	6
112	19	5	29
113	3	27	17
114	26	16	5
115	31	7	21
116	7	3	4914
117	32	6	20
118	5	17	29
119	29	17	7
120	5	27	17
121	12437	3	8
122	5	27	18
123	17	27	5
124	26	5	18
125	17	5	27
126	19	7	31
127	31	21	7
128	27	17	5
129	18	28	6
130	3	17	27
131	17	5	30
132	32	22	9
133	29	19	7
134	17	27	5
135	31	21	7
136	29	5	19
137	3	3	7257
138	7	33	21
139	7	33	25
140	3	8	10948
141	16	3	26
142	6	30	20
143	17	5	29
144	3	18	30
145	5	31	21
146	18	5	28
147	22	6	32
148	18440	7	3
149	17	5	29
150	5	31	21
151	3	8	5306
152	3	27	17
153	83	89	41
154	28	18	7
155	29	7	20
156	7	31	23
157	31	7	21
158	5	29	19
159	7	23	34
160	17	5	29
161	30	7	20
162	5	29	19
163	21290	3	7
164	5	19	29
165	17	27	5
166	204	187	218
167	5	21	31
168	23	5	35
169	17	27	5
170	3	27	17
171	5	18	28
172	5	19	32
173	21	7	37
174	7	35	23
175	5	30	43
176	7	10995	3
177	19	30	7
178	26	5	18
179	11	23	34
180	3	17536	7
181	6	30	20
182	7	21	33
183	20	32	9
184	5	32	19
185	21	33	7
186	7074	8	3
187	33	23	9
188	5	17	29
189	20	32	5
190	5	17	31
191	19	5	31
192	20	32	7
193	5	29	21
194	35	47	23
195	27	5	17
196	20	30	7
197	20	32	7
198	5	29	19
199	3	28	18
200	5	29	19
201	7	34	24
202	20	30	5
203	23	33	7
204	5	28	18
205	29	17	5
206	29	5	19
207	34	5	24
208	3	17	29
209	20	30	6
210	18	30	8
211	36	10	26
212	7	29	19
213	7	23	35
214	33	18	6
215	20	6	34
216	6	31	45
217	12853	8	3
218	31	7	21
219	32	7	22
220	3	22082	11
221	5	31	21
222	19	29	5
223	16868	3	8
224	20	6	30
225	17	27	5
226	29	19	7
227	19	31	5
228	15870	3	7
229	5	19	31
230	17	3	29
231	5	17	28
232	29	19	7
233	5	19	29
234	30	19	7
235	17	27	5
236	28	7	20
237	19	29	5
238	5	29	19
239	17	29	5
240	31	7	21
241	30	18	7
242	7	32	20
243	17	27	5
244	17	5	31
245	88	3	24292
246	17	5	29
247	5	18	28
248	6	30	20
249	28	5	18
250	5	19	29
251	51	110	15056
252	57	21	7
253	69	81	57
254	19	29	7
255	7	173	156
256	29	5	19
257	29	5	19
258	3	27	17
259	21	31	7
260	21367	3	7
261	28	17	5
262	21	34	7
263	17	29	5
264	30	5	20
265	128	118	110
266	31	21	7
267	3	30	17
268	16	3	26
269	7	19	29
270	7	32	22
271	33	7	23
272	36	24	14
273	32	20	4
274	7	20	32
275	26	16	6
276	5	31	22
277	17	27	5
278	5	27	18
279	31	5	23
280	16	4	28
281	19	7	31
282	17	5	29
283	16	5	28
284	7	30	20
285	31	21	9
286	5	16	28
287	7	21	3
288	7	18	30
289	3	2324	7
290	5	30	22
291	33	7	21
292	17	5	31
293	6954	8	3
294	26	3	16
295	64	96	78
296	29	15	5
297	29	19	5
298	28	17	5
299	3	7	7851
300	36	9	24
301	33	19	5
302	4	26	16
303	30	6	20
304	17	3	29
305	18	6	30
306	17	5	29
307	22	32	8
308	17	5	29
309	17	27	7
310	16	26	4
311	19	5	31
312	29	3	20
313	17	27	5
314	17	27	5
315	23	5	36
316	21	3	7
317	17	27	5
318	31	7	21
319	29	3	19
320	31	7	21
321	28	18	6
322	31	5	22
323	17	5	29
324	104	8	3
325	135	148	160
326	19	7	31
327	7	19	31
328	23	7	31
329	29	3	19
330	32	20	7
331	7	19	30
332	3	27	17
333	25	5	36
334	29	19	7
335	33	19	7
336	3	12320	7
337	5	39	24
338	29	17	5
339	22	36	8
340	24	34	6
341	5	31	19
342	19	7	31
343	6100	3	3
344	32	20	8
345	19	31	7
346	5	30	20
347	17	5	28
348	30	5	20
349	31	3	21
350	20	7	30
351	28	16	4
352	30	6	20
353	7	23	35
354	25	7	37
355	21	7	33
356	29	19	7
357	3	14477	7
358	22	7	32
359	30	18	7
360	11	23	37
361	15	27	5
362	20	4	32
363	92	19	7
364	3	20449	8
365	27	3	17
366	3	16	26
367	33	9	23
368	18	28	6
369	31	5	21
370	31	19	5
371	30	20	7
372	5	29	19
373	17	5	29
374	19	5	31
375	17	5	31
376	7	3	15309
377	97	82	105
378	17	5	29
379	29	7	21
380	4	28	18
381	17	3	29
382	30	4	22
383	5	27	18
384	29	7	20
385	16286	3	7
386	29	19	7
387	16	28	5
388	17900	3	7
389	27	17	7
390	16	4	28
391	27	17	5
392	3	15	27
393	21	31	7
394	53	16	5
395	19	5	29
396	29	7	19
397	5	25	15
398	32	6	22
399	160	150	138
400	31	7	21
401	29	5	19
402	17	28	7
403	27	17	5
404	3	18994	8
405	28	5	18
406	19	7	30
407	30	6	20
408	27	17	5
409	29	17	7
410	3	19250	7
411	29	5	19
412	5	19	31
413	18	6	30
414	17	5	29
415	20	5	30
416	253	265	277
417	5	29	19
418	3	25	15
419	3	16416	8
420	6	36	24
421	30	18	5
422	299	309	288
423	29	7	19
424	3	29	21
425	3	17	31
426	31	19	7
427	55	31	45
428	20	32	9
429	18	30	8
430	29	5	19
431	32	5	22
432	49	24	39
433	5	62	21021
434	17	27	5
435	62	3	24293
436	27	17	7
437	16	3	26
438	18	33	6
439	8	14232	3
440	6	28	18
441	31	21	5
442	7	18682	3
443	19	7	31
444	18	3	8
445	21	7	31
446	35	23	7
447	17	3	29
448	31	19	5
449	21	7	32
450	5	28	18
451	5	17	28
452	5	17	29
453	7	19	30
454	19	7	31
455	3	27	17
456	8271	3	7
457	17	5	29
458	23	7	33
459	31	19	9
460	27	3	17
461	27	3	17
462	28	5	18
463	5	20	30
464	31	7	21
465	3	8	11781
466	31	16	4
467	30	20	6
468	3	8	18437
469	18	5	30
470	19	29	7
471	3	17	28
472	3	29	19
473	5	33	23
474	29	17	5
475	19	5	30
476	27	5	19
477	3	7	21
478	17383	3	8
479	30	7	20
480	5	32	22
481	32	20	7
482	19	7	33
483	5	20	32
484	19	29	5
485	28	4	18
486	3	29	19
487	20	30	5
488	32	8	22
489	3	8	13958
490	17	5	29
491	19	7	29
492	5	27	17
493	18	28	6
494	6	30	20
495	17	28	5
496	17	5	28
497	19	5	30
498	16	28	4
499	3	26	16
500	5	17	29
501	19	29	7
502	27	17	5
503	28	5	18
504	19	31	5
505	16	5	28
506	18	30	5
507	19	5	33
508	31	21	7
509	3	31	21
510	19	33	7
511	17	3	32
512	17	5	31
513	5	17	28
514	5	17	29
515	19	7	31
516	58	43	5
517	17	5	29
518	17	5	29
519	5248	3	8
520	28	18	6
521	17	27	5
522	28	18	6
523	19	7	30
524	27	5	17
525	5	27	17
526	17	27	5
527	20556	3	8
528	17	5	28
529	17	27	5
530	28	18	6
531	28	6	20
532	5	33	23
533	5	27	19
534	3	15150	8
535	18	30	6
536	21	31	5
537	17	27	5
538	21	31	7
539	20820	3	8
540	19	29	7
541	17	3	27
542	15888	3	3
543	3	17	27
544	28	18	6
545	3	7	8392
546	5	17	29
547	16	3	28
548	5	17	29
549	20	30	5
550	7074	3	7
551	20	30	6
552	12191	3	3
553	5	17	29
554	32	22	7
555	21	7	35
556	13938	3	7
557	27	5	19
558	28	6	20
559	21	31	9
560	35	7	23
561	3	7	22552
562	6	18	30
563	27	5	19
564	17	3	27
565	18	30	8
566	36	22	7
567	5	28	18
568	5	20	32
569	4	20	30
570	27	17	5
571	3	3	22276
572	18	28	7
573	18	6	30
574	17	5	29
575	28	7	18
576	17	5	28
577	4	18	30
578	24	34	8
579	4233	3	3
580	19	5	31
581	19	30	7
582	5	31	21
583	17	27	5
584	30	20	4
585	3	17666	7
586	17	27	5
587	4977	3	7
588	5	19	29
589	7	31	21
590	27	17	5
591	32	7	22
592	31	7	21
593	23	47	37
594	26	4	16
595	18	6	30
596	25	15	5
597	29	19	5
598	31	5	21
599	32	44	7
600	18	33	8
601	7	21	31
602	5	17	29
603	9575	3	3
604	14	3	26
605	7	30	20
606	17	27	5
607	7	31	21
608	5	31	21
609	29	5	19
610	28	6	20
611	29	5	19
612	19	5	31
613	15	27	5
614	14758	7	3
615	34	22	45
616	17	27	5
617	16	3	7
618	19	7	29
619	17	29	5
620	5	17	29
621	3	27	17
622	32	7	22
623	32	22	10
624	5	29	19
625	5	17	31
626	8	17413	3
627	6	30	20
628	7	31	21
629	25	3	17
630	28	7	18
631	7	30	20
632	7	33	23
633	3	7	4548
634	29	7	19
635	19	31	9
636	14	32	44
637	5	27	19
638	3	3	15976
639	15	3	29
640	7	21862	3
641	5	27	17
642	19	7	32
643	7	21148	3
644	31	19	7
645	5	29	19
646	12611	3	8
647	31	21	9
648	17	5	29
649	22	6	34
650	18	28	7
651	79	91	103
652	29	7	21
653	5	28	18
654	7	29	21
655	17	27	5
656	17	27	5
657	8	11188	3
658	3	29	19
659	32	7	24
660	27	17	5
661	3	20385	7
662	17	3	27
663	19	29	7
664	20	5	32
665	3	17	29
666	161	3	8047
667	16	3	26
668	5	19	30
669	3	26	16
670	29	5	19
671	4	16	28
672	23	33	7
673	9	33	23
674	3	7	14251
675	27	17	5
676	5	29	19
677	31	7	21
678	21	5	30
679	17	5	29
680	18	28	4
681	7	31	21
682	5	29	19
683	6	28	20
684	29	19	7
685	29	17	7
686	27	17	5
687	7	4507	3
688	26	4	18
689	6	28	20
690	27	5	17
691	3	17	29
692	28	7	20
693	3	27	17
694	17	5	29
695	32	6	22
696	30	18	7
697	28	5	20
698	95	123	113
699	7	31	21
700	3	17	29
701	5	19	29
702	3	27	17
703	17	3	27
704	19	29	7
705	21	5	33
706	5	21	32
707	3	5353	8
708	19	3	30
709	28	18	7
710	17	29	5
711	18	28	6
712	7	30	20
713	21	5	32
714	6128	3	7
715	30	20	6
716	3	7	11728
717	18	30	8
718	5	18	30
719	5	17	29
720	3	5149	7
721	19	29	5
722	30	20	8
723	28	18	6
724	7	19	30
725	7	19	31
726	15	27	5
727	19	5	31
728	7	20	30
729	5	16	28
730	18	5	30
731	23	7	33
732	29	7	19
733	3	12468	8
734	19	53	39
735	31	21	5
736	5	17	29
737	17	5	29
738	17	27	5
739	8	3	3
740	3	7	17
741	42	54	68
742	85	95	69
743	68	88	99
744	27	17	7
745	6	20	32
746	33	5	23
747	6	32	22
748	25	15	5
749	28	6	20
750	49	27	41
751	58	44	68
752	52	64	40
753	17	28	5
754	19	29	9
755	17	5	29
756	22	7	34
757	29	5	19
758	7	31	21
759	31	3	17
760	17	27	5
761	29	17	7
762	7	30	20
763	105	80	97
764	3	12650	9
765	17	5	29
766	3	27	17
767	16	3	28
768	17	5	28
769	7	19	31
770	3	27	17
771	17	5	27
772	7	19	31
773	17	27	5
774	32	22	6
775	29	7	20
776	27	17	5
777	19	29	7
778	17	31	5
779	29	7	21
780	7	19	31
781	18	28	7
782	20	3	8
783	7	18112	3
784	51	41	29
785	3	16	26
786	19	29	7
787	7	29	21
788	97	78	109
789	19	7	31
790	16	28	6
791	6421	3	8
792	7	76	62
793	31	7	21
794	5	26	18
795	3	13538	8
796	29	3	19
797	22	7	32
798	29	19	7
799	29	7	19
800	17	5	29
801	7	18746	3
802	15	3	27
803	9	33	23
804	27	5	17
805	4	16	31
806	31	3	21
807	5	19	29
808	31	7	21
809	17	27	5
810	27	5	17
811	5	26	16
812	3	28	20
813	17	5	28
814	28	18	6
815	27	5	17
816	3	2682	7
817	5201	8	3
818	3	25	16
819	3	17	27
820	7	31	21
821	21	31	9
822	3	29	17
823	27	5	19
824	4	28	18
825	5	18	28
826	3	31	21
827	27	3	17
828	7	3	1510
829	4	18	30
830	17	5	29
831	28	18	7
832	28	18	7
833	5	29	19
834	7	3	19805
835	19	7	29
836	16	28	6
837	6	30	20
838	16	26	4
839	7	19	31
840	17	5	29
841	61	73	84
842	7	19	31
843	20	5	32
844	7	19	30
845	7	19	31
846	20	7	32
847	32	6	22
848	17	5	29
849	19	7	3
850	7	3	9868
851	28	4	18
852	19	29	7
853	18535	3	8
854	19	7	31
855	15	3	27
856	7	19	31
857	5	55	34
858	5	29	19
859	5	27	17
860	19	29	7
861	29	17	7
862	31	19	5
863	30	20	5
864	7	29	19
865	17	27	5
866	15060	7	3
867	50	38	5
868	5	29	19
869	3	27	17
870	7	33	23
871	29	5	19
872	27	17	5
873	3	27	17
874	3	7	5285
875	29	19	7
876	7	19	31
877	5	33	23
878	5	19	29
879	3	26	16
880	18	28	6
881	33	7	23
882	7	32	22
883	17	29	5
884	21	31	7
885	5	30	22
886	3	27	17
887	16	3	26
888	7	23	35
889	27	17	5
890	19	29	7
891	17	29	7
892	15	3	29
893	17782	3	3
894	22	32	9
895	28	18	5
896	3	7	9923
897	17	5	29
898	17	27	5
899	30	6	20
900	5	17	29
901	3	4754	8
902	22	32	8
903	3	27	17
904	27	17	5
905	3	24054	7
906	17	27	5
907	23	7	34
908	7	19	31
909	17	5	29
910	6	18	30
911	22633	8	3
912	27	17	7
913	29	7	21
914	3	69	16082
915	17	29	7
916	7	3	16151
917	17	27	5
918	7	8857	3
919	26	16	4
920	7	6201	3
921	30	20	7
922	29	19	5
923	17	5	29
924	17	5	31
925	12883	8	3
926	16	3	26
927	21	35	7
928	28	6	20
929	5	30	20
930	21	31	9
931	7	14610	3
932	6	20	32
933	3	27	17
934	29	19	7
935	7	19	30
936	28	16	6
937	27	5	19
938	5	21	33
939	18865	3	3
940	3	15	27
941	3	4893	8
942	31	7	21
943	28	6	20
944	3	28	18
945	30	7	20
946	17	27	5
947	29	19	7
948	4	16	28
949	27	17	5
950	17	5	29
951	36	24	48
952	34	22	8
953	17	32	7
954	29	7	21
955	32	7	24
956	7	31	21
957	19	57	5
958	19	29	5
959	5	28	18
960	3	27	17
961	27	7	35
962	19	29	9
963	26	16	4
964	3	17	27
965	29	19	7
966	18	7	30
967	17	3	12381
968	5	27	17
969	26	16	4
970	20	7	32
971	16	3	8
972	18	3	30
973	19	7	31
974	16	26	5
975	16	26	5
976	16598	3	8
977	27	15	5
978	3	3	4435
979	5	17	29
980	20	30	8
981	28	3	18
982	7	33	23
983	21	3	33
984	7	20	32
985	113	101	89
986	7	31	21
987	29	7	19
988	33	23	9
989	7	28	18
990	5	27	19
991	18	30	6
992	5	29	19
993	18	28	6
994	29	7	19
995	98	91	80
996	5	20	32
997	27	5	17
998	5	19	31
999	29	19	7
