
Reaction test v3
type	A+B+C
number	1000

max value	65536
unit	us

test	A	B	C
0	54	9	33
1	50	6	30
2	49	5	27
3	5	27	49
4	3	24	46
5	25	47	5
6	25	47	5
7	47	5	27
8	49	7	29
9	7	29	51
10	6	28	50
11	49	7	29
12	9	31	53
13	7	27	49
14	29	51	9
15	5	27	49
16	27	49	7
17	30	52	10
18	4	26	48
19	27	49	7
20	9	29	50
21	5	27	49
22	29	51	9
23	8	30	52
24	4	24	48
25	11	31	53
26	51	7	31
27	48	5	27
28	7	29	51
29	48	6	28
30	45	3	25
31	10	32	54
32	5	27	49
33	11	31	55
34	49	7	29
35	48	4	26
36	50	8	30
37	45	3	25
38	9	30	52
39	53	5	29
40	50	6	30
41	52	8	30
42	48	5	26
43	7	29	51
44	52	5	32
45	5	26	48
46	49	5	27
47	28	48	6
48	46	3	24
49	51	9	31
50	30	52	10
51	5	27	49
52	29	51	9
53	28	50	8
54	47	5	27
55	5	25	48
56	44	3	24
57	5	27	48
58	3	25	47
59	31	53	11
60	25	47	5
61	48	7	28
62	25	45	3
63	5	27	49
64	8	30	52
65	9	29	53
66	49	5	29
67	7	29	50
68	49	7	29
69	24	46	4
70	9	31	53
71	31	56	9
72	29	51	9
73	53	11	33
74	8	30	52
75	30	52	9
76	45	3	25
77	49	5	27
78	5	27	48
79	7	29	51
80	31	53	11
81	31	53	11
82	3	25	47
83	5	27	49
84	51	9	31
85	49	7	29
86	29	50	9
87	45	3	25
88	47	3	27
89	27	47	5
90	3	25	47
91	49	7	29
92	53	11	33
93	50	8	30
94	10	30	52
95	47	5	27
96	9	30	52
97	5	27	49
98	30	52	10
99	45	3	25
100	6	28	50
101	47	3	25
102	27	49	7
103	7	29	51
104	47	5	27
105	49	5	27
106	7	28	50
107	47	5	27
108	51	7	29
109	50	7	30
110	45	3	25
111	49	7	29
112	7	29	51
113	29	51	9
114	47	3	25
115	28	50	8
116	27	47	7
117	5	27	49
118	8	30	52
119	45	3	25
120	3	25	46
121	6	26	50
122	7	29	51
123	27	49	7
124	48	6	28
125	29	49	7
126	50	8	30
127	6	28	50
128	27	47	7
129	52	8	32
130	7	28	50
131	50	6	28
132	11	33	55
133	29	49	7
134	9	31	52
135	30	52	9
136	47	5	27
137	8	30	52
138	30	52	10
139	46	3	26
140	25	46	5
141	49	5	29
142	6	28	50
143	29	51	9
144	27	47	7
145	49	7	29
146	25	47	5
147	27	49	7
148	51	7	29
149	48	6	28
150	53	9	33
151	7	29	51
152	9	31	53
153	29	49	7
154	9	30	52
155	47	5	27
156	25	47	5
157	28	50	8
158	31	53	11
159	49	7	29
160	5	27	49
161	49	5	27
162	5	27	49
163	9	30	52
164	9	31	53
165	26	48	6
166	5	27	49
167	5	27	49
168	51	7	29
169	7	29	51
170	6	28	50
171	29	51	9
172	29	49	9
173	49	7	29
174	52	3	28
175	25	46	5
176	27	49	7
177	7	29	51
178	6	28	50
179	27	49	7
180	9	29	52
181	29	49	7
182	4	26	48
183	25	47	5
184	47	3	27
185	7	28	50
186	31	51	11
187	49	5	29
188	26	48	6
189	28	48	8
190	30	50	8
191	31	52	11
192	28	48	7
193	50	9	30
194	27	49	7
195	50	9	30
196	48	5	27
197	47	5	27
198	30	52	10
199	7	29	50
200	8	30	52
201	25	47	5
202	9	30	52
203	24	46	4
204	7	29	51
205	53	9	31
206	10	30	54
207	30	52	10
208	47	5	27
209	50	8	30
210	30	52	10
211	46	3	25
212	45	3	25
213	52	8	30
214	10	30	54
215	52	9	32
216	11	34	58
217	53	9	33
218	11	33	54
219	7	27	49
220	26	48	6
221	27	49	7
222	50	8	30
223	29	49	7
224	31	52	11
225	10	32	54
226	49	7	29
227	50	7	29
228	27	49	7
229	3	25	47
230	50	6	28
231	49	5	29
232	11	31	54
233	53	11	33
234	25	45	3
235	9	31	53
236	28	50	8
237	48	6	28
238	27	49	7
239	52	9	32
240	51	7	29
241	11	33	54
242	45	3	25
243	31	53	11
244	46	4	26
245	27	49	7
246	11	33	55
247	25	47	5
248	49	5	29
249	25	47	5
250	3	25	47
251	47	5	27
252	50	7	30
253	8	30	52
254	27	49	7
255	49	5	29
256	27	47	5
257	52	10	32
258	7	27	49
259	52	11	32
260	48	4	26
261	53	11	33
262	9	30	52
263	53	9	31
264	30	50	8
265	3	24	46
266	3	25	47
267	5	25	47
268	47	5	27
269	9	31	53
270	30	52	10
271	50	8	30
272	5	25	47
273	5	27	49
274	52	10	32
275	48	6	28
276	50	8	30
277	29	51	9
278	50	8	30
279	31	53	11
280	29	49	7
281	6	28	50
282	51	5	29
283	5	27	49
284	25	45	3
285	52	11	32
286	50	8	30
287	48	6	28
288	52	8	32
289	25	45	3
290	9	31	53
291	9	31	52
292	7	28	50
293	24	44	3
294	47	3	25
295	7	29	51
296	27	49	7
297	28	48	6
298	47	5	27
299	45	3	25
300	9	31	52
301	3	25	47
302	9	31	53
303	25	47	5
304	9	29	52
305	5	27	48
306	51	9	31
307	47	5	27
308	49	7	29
309	27	49	7
310	5	27	49
311	5	26	48
312	50	6	28
313	50	6	30
314	9	31	52
315	9	31	53
316	53	11	33
317	49	7	29
318	27	49	7
319	52	10	32
320	51	9	31
321	48	5	28
322	5	25	47
323	6	28	50
324	30	52	10
325	47	3	25
326	32	52	10
327	28	50	8
328	27	48	7
329	5	27	49
330	5	27	49
331	47	5	27
332	7	29	50
333	29	51	9
334	8	28	52
335	25	45	3
336	7	29	51
337	27	49	7
338	27	47	5
339	51	9	31
340	3	25	47
341	5	27	49
342	5	27	49
343	26	48	6
344	8	30	52
345	5	25	48
346	53	11	33
347	3	25	47
348	9	31	53
349	50	8	30
350	46	3	24
351	8	28	52
352	3	24	46
353	31	53	11
354	38	60	16
355	25	47	5
356	3	25	47
357	8	30	52
358	29	51	9
359	7	27	51
360	5	27	48
361	8	30	52
362	29	51	9
363	47	5	27
364	7	29	51
365	31	51	9
366	25	45	5
367	24	46	4
368	27	49	7
369	46	3	25
370	30	50	10
371	5	27	49
372	7	27	51
373	9	31	53
374	7	27	49
375	51	7	29
376	7	28	50
377	49	7	29
378	9	31	52
379	3	25	47
380	28	50	8
381	53	9	33
382	50	7	29
383	28	50	8
384	25	47	5
385	50	8	30
386	24	46	4
387	25	45	3
388	31	51	9
389	30	52	10
390	9	31	53
391	48	5	28
392	8	28	50
393	26	48	6
394	30	52	10
395	27	49	7
396	52	9	32
397	25	47	5
398	29	51	9
399	28	50	8
400	48	5	27
401	53	9	33
402	49	7	29
403	5	27	54
404	31	51	9
405	8	30	52
406	49	5	29
407	9	31	56
408	48	4	26
409	27	49	7
410	48	7	28
411	7	29	50
412	47	3	27
413	5	27	49
414	32	52	10
415	49	7	29
416	10	30	52
417	27	49	7
418	3	24	46
419	50	7	29
420	48	6	28
421	46	5	26
422	27	49	7
423	6	28	50
424	47	3	25
425	52	10	32
426	46	5	26
427	51	9	31
428	9	29	53
429	25	47	5
430	10	32	54
431	48	6	28
432	5	25	46
433	7	27	49
434	5	27	52
435	27	49	7
436	7	29	51
437	50	6	28
438	47	3	25
439	31	52	11
440	11	31	53
441	3	25	47
442	5	27	49
443	46	3	24
444	3	25	47
445	49	5	27
446	51	7	29
447	8	28	50
448	47	5	27
449	8	28	50
450	52	8	32
451	25	45	3
452	5	27	49
453	49	7	29
454	47	5	27
455	50	7	29
456	9	31	53
457	29	49	7
458	25	47	5
459	7	27	49
460	7	33	55
461	52	9	32
462	52	10	32
463	48	5	27
464	5	27	49
465	11	31	53
466	47	3	27
467	52	10	32
468	31	53	11
469	52	8	32
470	53	5	33
471	9	31	53
472	8	30	52
473	48	6	28
474	11	31	55
475	3	25	47
476	33	53	11
477	50	6	28
478	7	27	49
479	11	31	54
480	30	50	8
481	51	9	31
482	28	50	8
483	9	29	53
484	49	7	29
485	48	6	28
486	51	7	29
487	7	29	51
488	27	47	5
489	6	28	50
490	47	5	27
491	6	28	50
492	52	9	32
493	49	5	27
494	47	3	25
495	48	6	28
496	30	50	9
497	53	11	33
498	28	50	8
499	49	5	27
500	28	48	6
501	29	49	7
502	8	28	50
503	5	27	49
504	49	7	29
505	49	5	29
506	29	49	7
507	47	5	27
508	50	8	30
509	27	48	7
510	27	49	7
511	9	31	53
512	47	5	27
513	8	28	50
514	5	26	48
515	25	45	3
516	27	49	7
517	26	48	6
518	29	49	7
519	8	30	52
520	45	3	25
521	48	6	28
522	31	53	11
523	3	25	47
524	52	10	32
525	7	27	50
526	28	50	8
527	3	25	47
528	47	3	27
529	49	7	29
530	52	11	32
531	51	9	31
532	3	25	47
533	27	47	5
534	51	9	31
535	3	25	47
536	51	9	31
537	11	33	54
538	8	28	50
539	25	47	5
540	27	47	5
541	8	30	52
542	47	3	27
543	31	53	11
544	3	25	46
545	48	6	28
546	47	5	27
547	50	8	30
548	5	27	49
549	50	8	30
550	9	29	51
551	9	29	53
552	30	50	10
553	26	46	4
554	30	50	9
555	29	51	9
556	8	30	52
557	29	49	7
558	27	49	7
559	11	32	54
560	3	29	53
561	9	31	53
562	3	25	47
563	11	31	53
564	5	27	49
565	9	29	51
566	28	50	8
567	24	46	4
568	26	46	6
569	5	25	48
570	5	27	49
571	47	5	27
572	4	24	46
573	51	9	31
574	48	6	28
575	51	7	31
576	30	52	10
577	3	25	47
578	3	24	46
579	5	27	49
580	30	52	10
581	30	52	10
582	28	50	8
583	5	27	49
584	24	46	4
585	30	52	10
586	52	10	32
587	34	56	14
588	5	25	48
589	50	7	30
590	49	7	29
591	5	25	47
592	3	25	47
593	50	6	30
594	28	48	8
595	29	51	9
596	27	49	7
597	25	47	5
598	51	7	31
599	28	50	8
600	51	7	29
601	30	52	10
602	9	31	53
603	26	46	4
604	30	52	10
605	28	48	7
606	8	30	52
607	50	7	30
608	25	47	5
609	27	48	7
610	27	49	7
611	47	3	25
612	27	49	7
613	52	9	32
614	3	25	47
615	31	53	11
616	50	7	29
617	11	31	53
618	5	27	49
619	10	32	54
620	51	7	29
621	50	6	30
622	7	29	51
623	53	11	33
624	8	30	52
625	27	49	7
626	47	3	27
627	6	26	48
628	3	25	47
629	27	49	7
630	51	9	31
631	30	52	10
632	30	50	9
633	9	31	53
634	27	47	5
635	50	8	30
636	31	53	11
637	25	47	5
638	26	48	6
639	47	5	27
640	50	9	30
641	9	29	51
642	50	8	30
643	50	7	28
644	31	53	11
645	50	8	30
646	11	31	53
647	49	5	29
648	31	51	9
649	30	50	8
650	8	30	52
651	7	29	50
652	27	49	7
653	50	6	28
654	29	51	9
655	49	5	27
656	3	25	47
657	48	6	28
658	27	47	5
659	9	29	52
660	48	6	28
661	7	28	50
662	48	6	28
663	27	49	7
664	31	51	11
665	11	31	54
666	26	46	4
667	52	9	32
668	50	6	30
669	45	3	25
670	9	29	53
671	49	7	29
672	11	33	54
673	7	28	50
674	52	9	30
675	3	25	47
676	47	5	27
677	53	9	33
678	29	50	9
679	47	5	27
680	25	47	5
681	47	5	27
682	47	3	27
683	27	47	5
684	52	9	32
685	47	3	27
686	47	3	25
687	9	30	52
688	11	31	54
689	47	5	27
690	26	46	5
691	25	47	5
692	27	49	7
693	5	26	48
694	5	27	49
695	58	7	34
696	5	25	49
697	3	25	47
698	9	31	53
699	47	3	27
700	25	47	5
701	3	25	47
702	5	27	49
703	28	48	6
704	9	30	52
705	5	27	49
706	7	27	51
707	48	6	28
708	51	9	31
709	12	34	56
710	9	31	52
711	53	9	33
712	10	30	52
713	27	49	7
714	9	31	52
715	48	7	28
716	8	30	52
717	51	9	31
718	7	29	51
719	52	10	32
720	28	50	8
721	45	3	25
722	27	48	7
723	30	52	10
724	9	31	53
725	49	7	29
726	7	27	49
727	32	52	10
728	29	51	9
729	9	31	53
730	53	9	33
731	9	81	51
732	3	25	47
733	52	8	30
734	3	25	47
735	29	51	9
736	9	31	53
737	49	5	27
738	28	50	8
739	30	52	10
740	31	53	11
741	5	27	49
742	7	27	51
743	11	31	55
744	45	3	25
745	31	52	11
746	27	47	5
747	49	5	29
748	3	25	46
749	46	3	24
750	50	7	29
751	47	3	27
752	30	50	8
753	27	49	7
754	8	30	52
755	31	53	11
756	3	25	46
757	5	26	48
758	5	27	49
759	7	29	50
760	3	25	47
761	9	31	53
762	53	11	33
763	30	52	10
764	49	7	29
765	7	27	51
766	27	47	5
767	10	30	52
768	53	11	33
769	6	28	50
770	30	52	10
771	47	3	27
772	8	30	52
773	32	52	11
774	26	48	6
775	51	9	31
776	29	51	9
777	3	25	47
778	5	27	48
779	51	7	31
780	28	48	7
781	3	25	47
782	49	7	29
783	49	7	29
784	50	7	28
785	29	51	9
786	52	10	32
787	7	28	50
788	52	9	30
789	11	31	54
790	9	31	53
791	49	7	29
792	27	49	7
793	31	53	11
794	31	51	9
795	5	25	49
796	53	11	33
797	31	51	11
798	25	47	5
799	7	29	51
800	7	29	51
801	25	45	3
802	5	25	47
803	9	31	53
804	27	49	7
805	9	31	54
806	49	5	27
807	30	52	10
808	46	4	26
809	5	27	49
810	52	11	32
811	51	9	31
812	3	25	47
813	28	50	8
814	56	11	36
815	3	25	47
816	30	52	10
817	28	50	8
818	7	29	50
819	51	9	31
820	11	33	55
821	45	3	25
822	52	10	32
823	11	33	55
824	45	3	25
825	47	3	25
826	49	5	27
827	50	7	30
828	27	49	7
829	29	55	9
830	8	28	52
831	5	26	48
832	27	49	7
833	3	24	46
834	53	9	33
835	49	7	29
836	24	46	4
837	47	5	27
838	46	3	25
839	24	46	4
840	5	31	58
841	31	53	11
842	5	27	49
843	3	25	47
844	52	8	32
845	49	7	29
846	49	5	29
847	47	3	27
848	3	25	47
849	53	9	31
850	46	3	26
851	25	47	5
852	8	30	52
853	47	5	27
854	29	51	9
855	5	27	49
856	5	25	47
857	9	31	53
858	47	3	27
859	5	27	49
860	8	30	52
861	45	3	25
862	31	53	11
863	53	9	31
864	25	45	3
865	3	25	47
866	47	5	27
867	7	29	51
868	3	25	47
869	31	53	11
870	7	27	49
871	7	29	55
872	5	27	49
873	6	28	50
874	52	9	30
875	28	48	6
876	3	25	47
877	5	26	48
878	3	25	47
879	3	25	47
880	7	29	51
881	8	30	52
882	49	7	29
883	25	47	5
884	48	6	28
885	49	7	29
886	3	25	46
887	3	25	47
888	33	53	11
889	5	25	49
890	51	9	31
891	6	28	50
892	25	45	3
893	47	3	25
894	47	3	25
895	25	47	5
896	27	49	7
897	51	7	31
898	7	29	51
899	11	33	55
900	3	25	47
901	7	29	51
902	11	31	54
903	7	29	51
904	9	30	52
905	7	27	51
906	51	7	29
907	26	48	6
908	47	5	27
909	5	25	47
910	8	30	52
911	5	27	49
912	47	5	27
913	5	27	49
914	9	29	53
915	52	9	31
916	31	51	9
917	9	29	52
918	50	7	30
919	28	48	6
920	47	3	27
921	28	50	8
922	46	4	26
923	5	27	49
924	9	31	53
925	31	53	11
926	30	50	8
927	51	7	29
928	25	47	5
929	9	31	53
930	9	31	53
931	31	52	11
932	3	25	47
933	45	3	25
934	29	49	7
935	53	11	33
936	27	47	5
937	51	7	31
938	25	47	5
939	52	8	32
940	50	8	30
941	3	25	47
942	47	5	27
943	7	29	51
944	52	10	32
945	49	7	29
946	44	3	24
947	29	51	9
948	27	49	7
949	31	53	11
950	28	48	6
951	28	50	8
952	45	3	25
953	47	5	27
954	9	31	53
955	8	30	52
956	52	9	30
957	25	47	5
958	6	28	50
959	33	53	11
960	7	29	51
961	33	53	11
962	31	53	11
963	46	5	26
964	6	28	50
965	51	7	29
966	8	30	52
967	29	49	7
968	51	9	31
969	27	49	7
970	26	46	6
971	25	47	5
972	11	31	53
973	27	49	7
974	27	49	7
975	27	48	7
976	50	8	30
977	5	26	48
978	28	48	6
979	7	27	51
980	47	5	27
981	5	27	49
982	50	8	30
983	49	5	27
984	44	3	24
985	49	5	27
986	31	52	11
987	53	11	33
988	9	31	53
989	3	24	46
990	49	7	29
991	30	52	10
992	29	49	7
993	50	9	30
994	50	8	30
995	49	5	27
996	30	50	8
997	28	48	6
998	25	47	5
999	48	7	28
