
Reaction test v3
type	A+B+C
number	1000

max value	65536
unit	us

test	A	B	C
0	23	43	3
1	25	45	3
2	5	25	49
3	25	47	5
4	10	30	54
5	34	54	9
6	47	3	25
7	52	8	32
8	28	48	7
9	45	3	25
10	6	28	50
11	48	6	28
12	52	11	32
13	25	47	5
14	29	51	9
15	5	27	49
16	7	28	50
17	26	48	6
18	49	5	27
19	50	7	30
20	25	45	3
21	5	27	49
22	49	5	29
23	5	25	48
24	50	8	30
25	8	28	50
26	31	51	11
27	28	50	8
28	3	25	47
29	50	9	30
30	29	51	9
31	49	5	27
32	27	49	7
33	3	24	46
34	31	52	11
35	4	26	48
36	27	49	5
37	29	50	9
38	46	3	25
39	9	31	52
40	27	49	5
41	10	32	54
42	47	3	27
43	47	5	27
44	28	48	6
45	3	25	47
46	25	47	5
47	10	30	52
48	49	5	27
49	25	45	3
50	31	53	11
51	49	5	27
52	30	52	10
53	49	7	29
54	51	7	31
55	7	29	50
56	29	51	9
57	10	32	54
58	11	32	54
59	30	52	10
60	53	9	33
61	52	8	30
62	48	3	28
63	6	28	50
64	5	27	49
65	51	9	31
66	3	25	47
67	47	5	27
68	8	30	52
69	51	9	31
70	8	28	50
71	46	3	25
72	9	29	53
73	27	49	7
74	8	30	52
75	30	52	10
76	25	47	5
77	5	27	49
78	27	49	7
79	10	32	54
80	51	7	31
81	50	6	30
82	7	29	51
83	28	50	8
84	3	25	47
85	8	30	52
86	29	49	7
87	50	8	30
88	51	9	31
89	30	52	10
90	28	50	8
91	8	28	50
92	9	31	53
93	30	52	10
94	51	7	31
95	50	7	30
96	8	28	52
97	46	4	26
98	25	47	5
99	48	6	28
100	31	51	9
101	29	50	9
102	27	48	7
103	32	52	10
104	29	51	9
105	10	30	52
106	50	6	28
107	8	28	52
108	7	29	51
109	5	27	52
110	25	47	5
111	11	33	55
112	10	30	54
113	11	33	55
114	7	29	51
115	31	51	9
116	28	50	8
117	3	25	48
118	47	3	25
119	28	50	8
120	7	29	51
121	50	8	30
122	50	7	30
123	52	10	32
124	9	29	51
125	47	3	25
126	46	5	26
127	9	31	53
128	3	25	47
129	25	45	3
130	51	7	29
131	8	30	52
132	30	52	10
133	33	53	11
134	49	7	29
135	10	30	54
136	27	49	7
137	6	28	50
138	25	47	5
139	29	51	9
140	3	24	46
141	52	8	32
142	7	28	50
143	7	29	51
144	49	7	29
145	49	7	29
146	46	3	25
147	3	25	46
148	29	51	9
149	6	26	50
150	53	9	33
151	49	5	29
152	25	47	5
153	28	50	6
154	31	53	11
155	3	25	47
156	27	47	5
157	8	30	52
158	6	26	48
159	30	50	8
160	6	28	50
161	7	29	51
162	27	49	7
163	52	8	32
164	25	47	5
165	30	50	9
166	47	5	27
167	3	25	47
168	49	7	29
169	25	47	5
170	25	47	5
171	5	27	49
172	5	27	49
173	52	10	32
174	29	51	9
175	51	9	31
176	25	47	5
177	3	25	47
178	5	25	47
179	48	6	28
180	25	47	5
181	5	25	49
182	47	3	25
183	9	31	52
184	25	47	5
185	31	51	9
186	25	47	5
187	5	25	49
188	6	28	50
189	27	48	7
190	7	27	51
191	45	3	25
192	3	25	47
193	11	31	53
194	53	11	33
195	46	5	26
196	29	50	9
197	7	29	51
198	30	52	10
199	48	7	28
200	7	27	50
201	50	8	30
202	5	27	49
203	5	26	48
204	28	50	8
205	24	46	4
206	3	24	46
207	10	32	54
208	5	25	48
209	53	11	33
210	47	3	25
211	7	29	50
212	7	29	51
213	8	28	50
214	28	50	8
215	3	25	47
216	51	7	31
217	25	47	5
218	11	33	54
219	51	7	29
220	5	26	48
221	8	30	52
222	45	3	25
223	49	7	29
224	8	30	52
225	53	9	33
226	9	30	52
227	51	9	31
228	52	9	32
229	7	29	51
230	28	50	8
231	8	28	50
232	7	29	51
233	3	25	46
234	50	8	30
235	50	7	30
236	5	27	49
237	25	46	5
238	51	9	31
239	27	49	7
240	10	30	54
241	29	51	9
242	47	5	27
243	29	49	7
244	49	5	29
245	52	8	30
246	30	50	8
247	8	28	52
248	26	48	6
249	47	5	27
250	7	29	51
251	10	32	54
252	26	48	6
253	49	7	29
254	6	28	50
255	49	5	27
256	3	25	47
257	27	47	5
258	5	25	49
259	9	31	53
260	11	33	55
261	48	7	28
262	27	49	7
263	29	50	9
264	44	3	24
265	48	5	27
266	51	9	31
267	47	5	27
268	9	29	51
269	47	5	27
270	49	5	29
271	50	7	29
272	4	26	48
273	28	50	8
274	47	3	27
275	3	25	47
276	10	30	54
277	47	3	25
278	30	52	10
279	27	49	7
280	5	27	49
281	46	3	26
282	5	27	49
283	27	49	7
284	27	49	7
285	29	51	9
286	8	30	52
287	25	47	5
288	31	53	11
289	31	53	11
290	47	3	25
291	47	3	27
292	5	25	49
293	47	3	27
294	27	47	5
295	31	53	11
296	25	47	5
297	50	7	28
298	24	46	4
299	45	3	25
300	31	53	11
301	3	25	46
302	52	11	32
303	45	3	25
304	7	28	50
305	32	52	10
306	51	9	31
307	27	49	7
308	45	3	25
309	11	31	53
310	30	50	8
311	25	46	5
312	50	8	30
313	4	26	48
314	7	27	49
315	48	6	28
316	27	49	7
317	51	9	31
318	47	5	27
319	7	27	50
320	5	27	48
321	29	50	9
322	50	6	30
323	48	6	28
324	53	11	33
325	5	27	49
326	25	47	5
327	30	50	8
328	5	29	55
329	49	5	29
330	5	26	48
331	50	6	28
332	28	52	4
333	9	31	53
334	29	49	7
335	50	8	30
336	32	52	10
337	49	7	29
338	4	24	48
339	25	45	3
340	30	52	10
341	32	52	11
342	29	51	9
343	45	3	25
344	50	8	30
345	50	8	30
346	49	7	29
347	27	48	7
348	51	9	31
349	47	3	27
350	3	24	46
351	48	5	27
352	7	29	51
353	7	29	51
354	6	28	50
355	51	7	31
356	7	29	51
357	50	6	30
358	49	5	29
359	5	27	49
360	29	51	9
361	47	5	27
362	7	29	50
363	29	51	9
364	6	28	50
365	29	51	9
366	25	47	5
367	5	27	49
368	3	25	47
369	3	27	51
370	7	29	50
371	5	25	47
372	30	52	10
373	52	10	32
374	8	30	52
375	9	31	52
376	3	25	46
377	51	7	31
378	30	56	10
379	10	30	54
380	30	52	10
381	7	27	49
382	8	28	52
383	9	31	52
384	3	25	47
385	31	51	11
386	31	51	9
387	11	31	53
388	3	25	46
389	24	44	3
390	32	52	10
391	50	6	30
392	7	29	53
393	29	51	9
394	5	27	48
395	27	47	5
396	49	5	27
397	27	48	7
398	53	9	31
399	29	51	9
400	30	52	10
401	27	49	7
402	5	27	49
403	30	50	8
404	49	5	29
405	25	46	5
406	27	49	7
407	6	28	50
408	45	3	25
409	7	29	51
410	9	31	52
411	30	50	8
412	30	50	10
413	53	9	31
414	52	9	30
415	5	26	48
416	27	49	7
417	7	27	49
418	6	28	50
419	27	47	7
420	51	9	31
421	7	29	51
422	3	25	47
423	53	11	33
424	50	8	30
425	48	5	26
426	9	29	53
427	8	30	52
428	29	50	9
429	5	27	49
430	8	30	52
431	25	45	3
432	25	47	5
433	47	5	27
434	27	47	5
435	9	29	53
436	29	49	7
437	3	25	47
438	5	25	49
439	5	25	49
440	29	51	9
441	30	52	10
442	46	3	24
443	6	28	50
444	50	8	30
445	27	47	5
446	29	49	7
447	25	47	5
448	30	52	10
449	29	50	9
450	25	46	5
451	47	5	27
452	46	5	26
453	47	5	27
454	32	52	11
455	8	30	52
456	49	7	29
457	49	7	29
458	5	27	49
459	30	52	10
460	3	25	47
461	5	27	49
462	27	49	7
463	27	47	5
464	48	4	28
465	51	9	31
466	47	3	25
467	27	49	7
468	5	26	48
469	10	30	54
470	29	49	7
471	25	47	5
472	27	49	7
473	7	28	50
474	10	30	54
475	25	47	5
476	29	50	9
477	5	27	49
478	25	45	3
479	53	11	33
480	29	50	9
481	45	3	25
482	29	51	9
483	26	48	6
484	50	8	30
485	3	25	47
486	7	27	49
487	29	49	9
488	52	8	30
489	5	27	49
490	29	51	9
491	9	31	53
492	48	5	26
493	49	7	29
494	5	27	48
495	31	51	11
496	50	6	28
497	25	45	3
498	47	3	25
499	29	49	9
500	30	52	10
501	25	45	3
502	31	52	11
503	25	46	5
504	3	25	46
505	7	27	51
506	50	8	30
507	10	30	54
508	47	5	27
509	26	48	6
510	50	9	30
511	52	8	32
512	3	25	47
513	46	3	24
514	6	26	48
515	10	30	54
516	27	49	7
517	29	49	7
518	54	6	32
519	26	48	6
520	25	46	5
521	25	47	5
522	8	30	52
523	31	53	11
524	6	26	48
525	47	5	27
526	28	50	8
527	45	3	25
528	32	52	10
529	31	53	11
530	24	44	3
531	46	3	26
532	52	11	32
533	30	52	10
534	31	51	11
535	46	4	26
536	25	49	5
537	9	31	52
538	51	9	31
539	47	3	27
540	47	3	25
541	50	7	30
542	25	47	5
543	25	47	5
544	31	52	11
545	28	50	8
546	31	53	11
547	47	5	27
548	29	49	7
549	5	27	49
550	3	25	46
551	48	6	28
552	25	47	5
553	5	27	49
554	46	3	24
555	5	25	49
556	3	25	46
557	5	25	49
558	27	49	7
559	49	5	27
560	24	44	3
561	47	5	27
562	32	52	10
563	26	46	5
564	53	9	31
565	47	3	25
566	45	3	25
567	29	51	9
568	25	47	5
569	5	27	49
570	9	31	52
571	49	7	29
572	52	10	32
573	25	45	3
574	7	29	51
575	27	49	7
576	8	30	52
577	47	5	27
578	27	49	5
579	50	8	30
580	10	32	54
581	5	27	49
582	32	52	10
583	8	30	52
584	27	48	7
585	9	30	52
586	51	9	31
587	26	48	6
588	49	5	29
589	30	52	10
590	7	29	51
591	3	25	47
592	9	31	53
593	51	7	31
594	25	47	5
595	5	27	49
596	52	9	32
597	50	6	30
598	9	36	58
599	9	30	52
600	25	47	3
601	8	28	52
602	29	49	9
603	4	26	48
604	50	6	30
605	31	51	9
606	46	3	26
607	47	5	27
608	7	29	51
609	48	5	28
610	49	7	29
611	31	53	11
612	51	9	31
613	27	49	7
614	30	52	10
615	51	7	29
616	7	28	50
617	9	30	52
618	26	48	6
619	25	47	5
620	8	30	52
621	25	47	5
622	8	32	54
623	8	28	52
624	3	24	46
625	30	50	10
626	25	47	5
627	26	48	6
628	49	7	29
629	27	49	7
630	30	58	9
631	10	32	54
632	27	49	7
633	9	31	53
634	9	31	53
635	54	8	34
636	32	52	11
637	29	51	9
638	9	31	52
639	7	29	51
640	30	52	10
641	24	46	4
642	52	9	31
643	8	30	52
644	25	46	5
645	5	27	49
646	47	5	27
647	47	5	27
648	11	31	53
649	6	26	48
650	52	8	30
651	47	3	27
652	50	8	30
653	26	48	6
654	5	25	49
655	25	45	3
656	3	25	47
657	50	6	30
658	10	30	54
659	26	48	6
660	27	53	7
661	25	45	3
662	31	53	11
663	7	33	54
664	8	30	52
665	7	29	51
666	26	48	6
667	7	29	51
668	32	52	10
669	29	51	9
670	31	53	11
671	11	33	54
672	7	29	51
673	27	49	7
674	53	11	33
675	30	52	10
676	25	47	5
677	28	48	6
678	3	25	47
679	6	28	50
680	9	31	52
681	5	25	47
682	25	47	5
683	51	7	29
684	47	5	27
685	30	52	10
686	49	7	29
687	31	52	11
688	27	48	7
689	32	52	11
690	5	27	48
691	11	31	54
692	51	7	29
693	27	47	5
694	30	52	10
695	27	49	7
696	7	27	49
697	51	7	31
698	25	45	5
699	47	5	27
700	7	28	50
701	46	5	26
702	30	50	8
703	25	47	5
704	51	9	31
705	8	30	52
706	27	49	7
707	3	24	46
708	51	7	29
709	32	52	10
710	53	9	33
711	27	49	7
712	7	29	51
713	51	7	31
714	7	29	51
715	29	51	9
716	50	8	30
717	5	27	49
718	28	48	6
719	7	27	49
720	7	27	51
721	29	51	9
722	6	26	48
723	3	25	50
724	27	49	7
725	47	5	27
726	52	10	32
727	49	7	29
728	27	48	7
729	5	25	47
730	10	30	54
731	51	9	31
732	47	3	25
733	27	47	5
734	48	6	28
735	47	5	27
736	53	3	29
737	7	27	48
738	8	30	52
739	7	29	51
740	50	7	29
741	49	7	29
742	30	52	10
743	5	27	49
744	5	25	46
745	9	33	56
746	6	28	50
747	3	25	47
748	27	47	5
749	25	47	5
750	47	5	27
751	30	50	8
752	7	27	51
753	51	9	31
754	31	53	5
755	8	30	52
756	30	50	8
757	27	49	7
758	49	7	29
759	6	28	50
760	44	3	24
761	27	47	7
762	7	29	50
763	31	51	9
764	49	7	29
765	29	51	9
766	47	5	27
767	26	46	5
768	25	47	5
769	8	30	52
770	50	6	28
771	9	29	53
772	52	10	32
773	10	30	54
774	5	25	49
775	27	49	7
776	30	52	10
777	5	27	48
778	9	30	52
779	24	44	4
780	5	26	48
781	5	27	49
782	30	52	10
783	49	7	29
784	9	31	53
785	25	45	3
786	4	26	48
787	5	27	48
788	51	9	31
789	25	46	5
790	46	4	26
791	9	31	53
792	51	7	29
793	50	7	28
794	52	6	32
795	7	27	48
796	3	24	52
797	24	46	4
798	48	6	28
799	47	3	27
800	24	46	4
801	5	25	47
802	29	51	9
803	49	7	29
804	3	25	47
805	9	29	53
806	50	9	30
807	34	56	14
808	27	49	7
809	5	27	49
810	27	49	7
811	50	8	30
812	7	29	51
813	7	29	51
814	25	45	5
815	5	27	49
816	30	50	9
817	27	48	7
818	29	51	9
819	9	31	53
820	10	32	54
821	50	9	30
822	7	29	51
823	30	52	10
824	5	27	49
825	48	6	28
826	51	9	31
827	9	31	53
828	3	25	47
829	5	27	49
830	47	3	25
831	47	3	27
832	31	53	11
833	5	26	86
834	26	46	5
835	29	49	7
836	51	7	31
837	46	3	26
838	52	9	32
839	7	29	51
840	5	27	49
841	52	10	32
842	30	50	10
843	26	48	6
844	31	51	5
845	30	52	10
846	3	25	47
847	48	7	28
848	49	5	29
849	9	31	53
850	9	31	53
851	7	29	51
852	4	26	48
853	27	47	5
854	50	6	28
855	7	29	51
856	31	52	11
857	25	47	5
858	46	5	26
859	49	7	29
860	28	48	7
861	49	7	29
862	28	48	8
863	30	50	9
864	50	6	28
865	46	4	26
866	28	48	7
867	6	26	50
868	10	32	54
869	51	7	31
870	50	8	30
871	7	29	51
872	27	49	7
873	27	49	7
874	3	25	46
875	50	8	30
876	25	45	3
877	30	52	10
878	46	3	26
879	27	49	7
880	7	29	51
881	4	26	48
882	7	27	49
883	10	32	54
884	48	4	28
885	50	7	30
886	25	47	5
887	8	30	52
888	9	31	53
889	25	47	5
890	25	45	3
891	29	51	9
892	8	30	52
893	50	8	30
894	11	33	55
895	29	49	7
896	48	5	28
897	51	9	31
898	50	8	30
899	48	3	26
900	10	30	54
901	49	7	29
902	29	51	9
903	51	7	31
904	53	9	33
905	6	28	50
906	30	52	10
907	5	26	48
908	28	50	8
909	31	52	11
910	3	24	46
911	29	49	7
912	31	51	9
913	7	29	51
914	6	26	50
915	47	5	27
916	49	7	29
917	56	9	36
918	29	49	7
919	30	50	8
920	28	50	8
921	51	9	31
922	30	52	10
923	27	47	7
924	46	5	26
925	56	9	31
926	3	25	47
927	53	5	29
928	4	26	48
929	8	30	52
930	8	30	52
931	5	25	48
932	49	5	29
933	46	3	26
934	28	48	8
935	46	3	25
936	47	3	27
937	47	3	25
938	7	29	51
939	27	47	5
940	45	3	25
941	29	51	9
942	51	9	31
943	9	31	52
944	3	25	47
945	49	7	29
946	45	3	25
947	29	49	7
948	45	3	25
949	7	27	49
950	9	31	53
951	47	3	27
952	27	47	5
953	27	47	5
954	52	8	30
955	9	29	52
956	53	9	31
957	51	9	31
958	9	30	52
959	29	51	9
960	3	25	47
961	10	30	52
962	31	52	11
963	25	47	5
964	25	47	5
965	47	5	27
966	11	31	53
967	49	5	29
968	48	6	28
969	26	48	6
970	25	47	5
971	27	49	7
972	48	6	28
973	5	27	48
974	9	31	52
975	7	29	51
976	27	48	7
977	5	25	48
978	8	28	52
979	49	7	29
980	27	48	7
981	5	27	49
982	49	5	29
983	28	50	8
984	31	54	5
985	50	7	30
986	7	29	51
987	30	52	10
988	52	8	30
989	47	5	27
990	11	31	54
991	45	3	25
992	7	29	51
993	47	5	27
994	49	7	29
995	29	50	9
996	29	49	9
997	53	9	31
998	9	30	52
999	51	9	31
