
Reaction test v3
type	A+B+C
number	1000

max value	65536
unit	us

test	A	B	C
0	743	725	737
1	265	247	271
2	1145	1013	8
3	772	768	791
4	405	399	426
5	187	183	210
6	850	845	868
7	436	432	457
8	184	153	165
9	765	760	781
10	868	842	848
11	80	76	96
12	923	929	40
13	845	831	851
14	974	983	979
15	261	257	283
16	326	330	322
17	563	535	544
18	163	159	5383
19	353	364	358
20	874	869	1134
21	940	935	962
22	671	661	682
23	420	397	403
24	574	559	584
25	204	179	185
26	262	258	299
27	701	676	681
28	832	804	814
29	185	166	170
30	747	727	757
31	815	825	821
32	71	66	89
33	741	718	722
34	179	190	186
35	810	804	831
36	121	130	125
37	833	823	851
38	514	489	493
39	448	423	427
40	512	504	534
41	776	772	804
42	875	869	896
43	136	110	114
44	529	500	507
45	108	118	114
46	419	408	413
47	318	297	313
48	779	775	804
49	888	892	911
50	563	543	553
51	73	68	118
52	343	316	322
53	220	224	215
54	929	909	919
55	227	231	223
56	662	666	657
57	190	172	200
58	124	115	146
59	445	428	433
60	722	691	703
61	864	869	860
62	289	269	285
63	124	108	120
64	672	683	678
65	321	316	333
66	214	209	246
67	504	481	495
68	43	16	22
69	600	586	615
70	167	142	146
71	1007	1003	1026
72	363	367	384
73	356	344	362
74	773	757	777
75	116	104	122
76	52	68	56
77	742	719	723
78	108	82	88
79	300	321	296
80	293	288	313
81	140	149	145
82	528	510	516
83	362	357	379
84	892	862	872
85	688	667	672
86	699	687	720
87	845	826	830
88	625	608	631
89	585	580	601
90	137	110	120
91	685	680	705
92	268	256	268
93	958	950	981
94	145	114	124
95	774	716	726
96	846	841	864
97	94	90	107
98	296	292	311
99	528	511	517
100	877	873	898
101	905	882	900
102	921	916	941
103	901	924	907
104	116	126	122
105	403	399	424
106	104	115	111
107	925	919	915
108	484	478	506
109	623	618	641
110	464	491	470
111	542	526	550
112	474	443	453
113	810	820	816
114	167	145	152
115	563	551	569
116	257	253	276
117	1023	998	1004
118	328	323	342
119	289	262	268
120	573	550	555
121	679	652	658
122	561	556	579
123	214	192	206
124	650	640	671
125	556	567	561
126	557	547	579
127	592	584	615
128	819	815	835
129	263	246	251
130	977	945	956
131	643	631	651
132	320	297	307
133	1001	974	980
134	253	241	259
135	849	841	891
136	915	910	933
137	640	610	634
138	509	518	514
139	806	785	791
140	709	704	729
141	837	848	843
142	33	29	56
143	448	431	435
144	351	345	372
145	79	74	101
146	590	586	606
147	225	217	244
148	474	449	456
149	823	819	846
150	214	204	235
151	219	223	214
152	820	787	799
153	523	500	504
154	640	609	619
155	648	657	652
156	13	3	34
157	820	804	826
158	958	954	985
159	606	596	630
160	384	357	364
161	881	856	861
162	248	252	243
163	681	676	697
164	213	209	236
165	400	405	421
166	155	151	178
167	323	318	343
168	8	1016	13
169	618	614	639
170	525	531	521
171	55	40	71
172	224	194	204
173	699	695	722
174	373	363	393
175	519	481	499
176	329	334	354
177	595	568	574
178	700	678	688
179	896	868	878
180	959	970	966
181	557	552	579
182	452	469	448
183	887	856	869
184	26	5	21
185	218	241	224
186	821	794	804
187	665	661	684
188	132	143	138
189	180	155	161
190	990	965	972
191	958	953	972
192	868	881	872
193	535	540	554
194	593	584	588
195	422	417	444
196	25	34	30
197	32	36	57
198	658	654	683
199	330	326	351
200	822	833	829
201	360	330	342
202	183	166	178
203	462	440	452
204	468	479	474
205	27	11	33
206	665	661	680
207	210	202	231
208	624	633	628
209	692	687	714
210	418	414	431
211	557	552	577
212	35	16	21
213	943	938	963
214	727	717	748
215	813	821	817
216	634	618	642
217	346	325	335
218	653	645	657
219	284	294	290
220	484	480	501
221	990	994	986
222	379	374	401
223	1018	993	999
224	94	76	90
225	787	783	810
226	897	876	886
227	943	938	965
228	429	406	410
229	584	579	575
230	755	747	774
231	181	177	204
232	318	296	306
233	340	335	360
234	673	668	693
235	659	650	654
236	1008	1029	1014
237	673	646	652
238	976	999	982
239	528	524	555
240	663	608	618
241	565	560	585
242	617	612	639
243	49	44	63
244	255	278	261
245	547	518	528
246	37	48	43
247	403	372	384
248	836	826	857
249	429	452	435
250	746	723	727
251	369	373	394
252	223	218	242
253	838	815	819
254	767	762	791
255	855	824	838
256	618	535	541
257	168	178	174
258	479	451	457
259	996	991	1012
260	298	294	313
261	971	966	995
262	438	413	418
263	880	860	864
264	907	903	930
265	569	554	583
266	978	974	57
267	330	314	340
268	774	770	795
269	656	646	677
270	508	504	529
271	834	813	809
272	433	402	412
273	490	499	495
274	439	414	418
275	541	537	601
276	379	369	396
277	105	99	126
278	448	421	431
279	593	588	615
280	724	719	746
281	604	599	618
282	754	729	735
283	890	864	868
284	416	397	403
285	867	862	881
286	689	700	693
287	216	212	232
288	928	901	907
289	423	401	412
290	1041	883	891
291	253	249	266
292	96	67	77
293	90	85	104
294	93	83	114
295	528	537	524
296	889	869	885
297	877	873	898
298	322	301	311
299	273	269	296
300	539	519	530
301	950	938	933
302	543	523	539
303	266	250	273
304	563	536	542
305	423	433	427
306	698	680	694
307	311	307	328
308	187	196	191
309	605	597	635
310	343	327	351
311	763	732	744
312	45	41	61
313	290	300	296
314	54	23	35
315	221	194	198
316	876	847	857
317	530	538	534
318	113	108	127
319	493	485	515
320	723	733	729
321	435	443	439
322	214	209	238
323	744	740	767
324	750	738	772
325	548	461	471
326	760	755	774
327	72	67	94
328	615	610	633
329	727	696	711
330	801	783	813
331	144	136	165
332	652	627	631
333	868	838	848
334	640	651	646
335	290	301	297
336	677	665	683
337	27	38	31
338	978	974	1001
339	1012	1000	1018
340	396	391	418
341	493	464	474
342	163	136	143
343	96	91	116
344	60	33	43
345	482	372	389
346	223	218	239
347	484	453	463
348	207	190	202
349	203	214	210
350	253	243	249
351	446	429	437
352	106	86	90
353	149	160	155
354	363	372	368
355	66	61	88
356	430	449	437
357	678	668	701
358	247	239	251
359	763	734	739
360	919	890	896
361	779	783	798
362	879	869	900
363	648	638	667
364	790	778	794
365	845	850	870
366	157	145	163
367	484	455	465
368	92	80	98
369	866	858	886
370	418	393	412
371	714	685	695
372	785	772	777
373	46	55	50
374	692	665	671
375	754	723	733
376	617	603	625
377	129	125	150
378	845	841	866
379	595	570	580
380	241	250	245
381	261	230	242
382	954	923	933
383	917	913	934
384	156	161	183
385	510	506	527
386	611	606	629
387	782	777	796
388	524	505	510
389	377	387	383
390	450	446	471
391	748	721	727
392	821	825	839
393	1022	1006	7
394	597	608	601
395	785	795	791
396	907	916	911
397	484	427	431
398	542	513	525
399	671	650	662
400	984	959	964
401	407	403	430
402	236	215	232
403	467	451	477
404	433	408	412
405	873	869	1068
406	319	286	298
407	902	898	921
408	789	777	795
409	338	319	326
410	427	406	412
411	363	373	367
412	232	203	213
413	529	524	551
414	771	751	757
415	358	354	381
416	519	514	541
417	703	699	716
418	466	448	454
419	329	309	325
420	127	138	131
421	430	418	436
422	177	172	197
423	517	488	498
424	490	478	496
425	1003	976	982
426	286	295	291
427	824	820	845
428	841	864	847
429	834	838	857
430	58	54	73
431	191	175	198
432	193	168	174
433	572	545	550
434	742	750	746
435	106	117	113
436	473	453	465
437	549	518	530
438	911	907	928
439	198	190	217
440	688	683	702
441	81	86	106
442	429	423	437
443	122	112	143
444	714	710	729
445	808	804	821
446	319	307	325
447	453	423	433
448	106	117	112
449	978	988	984
450	227	216	223
451	153	141	174
452	875	853	863
453	452	447	466
454	1009	1023	1014
455	838	834	853
456	240	235	262
457	934	853	857
458	482	478	496
459	371	350	364
460	704	678	684
461	329	311	333
462	86	90	106
463	939	920	926
464	531	502	512
465	189	185	204
466	760	752	780
467	118	108	137
468	217	213	234
469	978	968	999
470	731	713	727
471	258	248	279
472	117	128	123
473	871	867	894
474	417	428	423
475	980	951	958
476	95	91	118
477	542	534	568
478	679	670	675
479	384	365	369
480	259	254	273
481	114	87	93
482	524	530	547
483	47	42	59
484	677	683	673
485	94	67	73
486	389	394	418
487	203	198	225
488	706	717	713
489	30	22	236
490	375	348	355
491	609	617	613
492	495	490	517
493	472	482	476
494	986	980	1007
495	24	20	39
496	850	854	845
497	523	519	543
498	300	296	315
499	510	506	534
500	881	856	860
501	731	727	745
502	867	836	852
503	375	370	393
504	540	515	522
505	553	549	741
506	827	818	847
507	546	517	527
508	189	170	176
509	7	1008	1018
510	551	541	572
511	479	455	473
512	167	159	189
513	169	165	191
514	300	271	281
515	467	462	487
516	762	740	758
517	372	391	378
518	917	909	990
519	847	852	856
520	458	443	453
521	146	142	169
522	603	599	624
523	43	39	66
524	400	390	396
525	669	692	673
526	669	655	675
527	36	9	15
528	373	350	356
529	883	879	900
530	319	314	339
531	939	935	953
532	281	101	105
533	814	735	745
534	120	108	130
535	508	350	360
536	460	430	452
537	91	100	95
538	930	940	934
539	324	328	319
540	247	241	268
541	424	399	405
542	325	320	339
543	90	61	66
544	475	459	471
545	314	308	337
546	874	870	888
547	488	457	467
548	799	774	778
549	502	498	525
550	460	455	482
551	602	586	609
552	617	613	637
553	397	385	402
554	864	845	851
555	965	946	952
556	553	545	574
557	168	164	191
558	553	528	534
559	402	391	397
560	320	331	326
561	643	638	657
562	971	966	993
563	817	790	796
564	350	358	354
565	367	350	357
566	952	947	31
567	521	496	500
568	948	938	969
569	738	734	759
570	341	330	346
571	638	613	619
572	431	435	427
573	236	211	218
574	969	948	964
575	267	287	262
576	271	292	277
577	107	103	129
578	514	480	492
579	548	543	564
580	799	783	804
581	97	107	103
582	562	531	543
583	660	664	656
584	523	519	546
585	950	924	138
586	709	704	729
587	940	909	919
588	1009	1004	1031
589	829	800	812
590	637	608	618
591	930	925	950
592	161	140	150
593	933	910	926
594	369	365	388
595	810	814	806
596	439	429	460
597	132	136	159
598	707	703	728
599	714	724	720
600	177	150	158
601	985	996	990
602	448	425	442
603	942	937	956
604	241	219	231
605	864	868	860
606	741	723	737
607	962	839	849
608	356	339	335
609	853	843	873
610	379	352	356
611	737	727	755
612	48	44	65
613	27	10	14
614	370	353	378
615	833	821	839
616	941	937	1016
617	925	936	929
618	133	112	118
619	620	593	600
620	716	720	741
621	448	425	435
622	163	158	175
623	818	798	813
624	593	604	600
625	539	518	535
626	360	335	345
627	437	425	443
628	710	721	717
629	217	191	197
630	331	312	319
631	573	583	579
632	443	454	450
633	859	851	881
634	673	644	654
635	440	450	446
636	405	398	425
637	192	203	199
638	735	730	749
639	531	527	553
640	638	633	658
641	653	648	675
642	789	764	769
643	668	658	688
644	17	5	23
645	517	527	523
646	652	629	645
647	91	114	97
648	43	70	49
649	78	74	99
650	259	251	280
651	395	422	400
652	932	914	944
653	493	471	478
654	576	571	696
655	109	104	129
656	834	829	856
657	575	571	600
658	1012	1000	178
659	273	245	255
660	995	991	1012
661	378	374	397
662	300	292	315
663	645	640	661
664	355	341	359
665	187	181	208
666	149	145	178
667	148	144	162
668	371	366	391
669	930	936	926
670	55	35	45
671	382	361	377
672	50	61	56
673	473	463	492
674	749	733	755
675	375	348	355
676	706	681	688
677	596	606	602
678	698	693	712
679	534	538	530
680	603	612	608
681	857	853	1035
682	233	237	228
683	850	854	845
684	637	648	643
685	635	631	658
686	810	806	824
687	812	800	818
688	374	344	354
689	520	501	526
690	363	336	343
691	749	772	755
692	439	414	418
693	1028	1004	1024
694	722	714	746
695	226	222	247
696	380	385	376
697	842	838	855
698	662	657	684
699	16	911	906
700	11	1024	15
701	1005	972	989
702	501	491	497
703	239	248	244
704	103	80	94
705	163	159	184
706	246	238	268
707	929	918	924
708	806	787	793
709	815	798	819
710	958	931	939
711	66	71	93
712	300	288	311
713	937	918	923
714	795	790	809
715	115	105	135
716	284	262	274
717	692	667	673
718	345	341	364
719	649	624	628
720	653	662	658
721	1019	1002	1025
722	815	824	820
723	36	45	41
724	891	875	898
725	411	376	386
726	211	181	191
727	393	389	409
728	663	659	683
729	665	661	681
730	273	282	277
731	969	965	984
732	296	273	277
733	414	386	392
734	1008	1019	1014
735	914	895	900
736	933	822	828
737	744	714	724
738	703	699	718
739	444	462	450
740	276	258	292
741	530	526	553
742	289	284	303
743	290	301	296
744	641	631	637
745	736	747	742
746	633	612	622
747	12	1025	19
748	528	536	532
749	521	517	542
750	377	354	358
751	419	430	426
752	645	640	663
753	1004	1015	1010
754	1009	984	990
755	381	385	376
756	115	126	122
757	146	142	160
758	346	325	340
759	727	700	704
760	288	297	292
761	146	142	334
762	245	237	285
763	644	616	626
764	441	437	455
765	855	850	875
766	309	305	1321
767	658	635	641
768	718	707	723
769	360	356	383
770	847	825	836
771	119	130	125
772	452	440	473
773	1008	1016	1012
774	606	601	626
775	196	176	186
776	316	326	322
777	945	958	949
778	668	652	656
779	202	179	185
780	22	14	43
781	255	228	235
782	928	923	942
783	485	458	465
784	133	125	155
785	97	108	103
786	201	185	208
787	270	263	290
788	73	65	94
789	150	142	171
790	622	618	641
791	817	828	823
792	184	188	179
793	555	550	571
794	935	946	941
795	256	245	249
796	330	325	350
797	782	773	802
798	86	65	75
799	123	98	103
800	945	940	965
801	208	123	130
802	733	743	739
803	231	215	238
804	823	833	829
805	703	698	725
806	740	745	736
807	836	832	851
808	1003	984	994
809	542	510	520
810	170	181	176
811	240	236	259
812	678	661	667
813	165	157	188
814	615	601	611
815	930	922	1018
816	631	612	626
817	194	204	200
818	510	480	492
819	215	220	211
820	686	660	668
821	202	194	223
822	560	569	565
823	742	738	755
824	623	607	643
825	749	745	772
826	896	873	892
827	758	727	737
828	578	583	601
829	80	50	66
830	578	589	585
831	90	85	106
832	65	43	59
833	132	99	113
834	279	252	262
835	755	778	761
836	647	642	669
837	277	297	283
838	105	101	186
839	738	716	734
840	210	196	298
841	483	453	463
842	473	452	458
843	682	691	686
844	683	705	690
845	388	379	409
846	258	254	275
847	558	537	543
848	636	611	615
849	420	389	399
850	562	552	583
851	939	960	945
852	807	787	793
853	658	654	678
854	361	365	388
855	280	247	259
856	605	601	630
857	363	367	390
858	48	18	28
859	178	182	208
860	969	992	975
861	803	783	798
862	152	156	147
863	842	805	822
864	960	956	968
865	859	849	880
866	444	440	463
867	977	973	998
868	879	873	900
869	835	810	816
870	821	816	843
871	455	460	451
872	1013	1009	4
873	703	624	642
874	406	378	388
875	598	588	594
876	473	468	495
877	156	125	135
878	521	517	611
879	733	729	877
880	369	394	373
881	564	539	543
882	469	464	485
883	131	142	137
884	830	824	853
885	476	471	496
886	715	704	709
887	140	136	153
888	54	49	76
889	707	703	726
890	497	492	517
891	121	97	115
892	459	449	478
893	67	33	47
894	161	55	65
895	281	948	963
896	243	239	266
897	346	335	340
898	440	436	463
899	122	126	117
900	921	911	943
901	7	1010	13
902	415	410	435
903	304	308	300
904	981	977	1001
905	145	118	124
906	750	746	771
907	213	193	209
908	346	325	331
909	600	595	622
910	674	657	680
911	802	792	823
912	272	243	249
913	111	86	90
914	380	376	405
915	808	800	814
916	1009	998	1005
917	260	256	444
918	7	11	34
919	405	412	401
920	262	258	285
921	154	129	135
922	189	158	168
923	684	694	690
924	538	533	558
925	477	494	481
926	55	38	43
927	31	18	24
928	76	86	82
929	745	740	761
930	891	877	917
931	225	119	129
932	248	253	269
933	829	824	835
934	452	447	466
935	533	517	539
936	312	296	318
937	29	40	35
938	251	224	234
939	407	378	388
940	761	676	682
941	444	448	480
942	915	888	895
943	958	933	939
944	643	622	638
945	956	929	935
946	202	194	225
947	947	918	924
948	709	699	729
949	481	461	477
950	473	490	478
951	759	732	739
952	441	431	462
953	302	297	339
954	334	338	329
955	436	445	440
956	793	768	774
957	566	535	545
958	212	202	232
959	234	204	216
960	911	892	896
961	989	973	968
962	758	763	783
963	703	693	721
964	868	891	872
965	520	529	525
966	384	359	366
967	733	729	802
968	24	19	44
969	909	899	1024
970	324	328	349
971	352	341	345
972	840	832	845
973	630	626	653
974	855	851	876
975	952	963	958
976	933	905	911
977	522	533	529
978	363	359	386
979	786	759	765
980	200	219	210
981	283	293	289
982	457	453	480
983	204	208	229
984	960	930	940
985	615	611	637
986	926	922	951
987	758	753	778
988	165	136	146
989	493	463	469
990	112	108	126
991	399	391	418
992	163	155	184
993	655	660	674
994	726	721	748
995	612	607	634
996	400	411	407
997	358	333	337
998	890	881	908
999	387	396	391
