
Reaction test v3
type	A+B+C
number	1000

max value	65536
unit	us

test	A	B	C
0	138	160	178
1	781	799	819
2	463	483	503
3	523	543	563
4	165	185	203
5	466	484	504
6	558	576	596
7	401	421	439
8	804	822	840
9	258	278	296
10	374	392	412
11	272	292	310
12	284	304	323
13	576	596	614
14	515	533	553
15	860	878	898
16	312	332	350
17	541	559	579
18	629	647	667
19	598	616	636
20	502	520	540
21	451	471	489
22	312	330	350
23	624	644	662
24	1009	1027	7
25	534	552	572
26	823	841	861
27	256	276	294
28	357	377	395
29	560	578	598
30	661	680	700
31	234	252	272
32	507	527	547
33	470	490	508
34	174	194	212
35	1011	5	25
36	693	711	731
37	206	224	244
38	654	672	692
39	320	340	358
40	673	691	711
41	395	415	435
42	929	949	967
43	607	625	645
44	887	907	925
45	596	616	634
46	970	988	1008
47	828	846	866
48	290	308	328
49	575	595	613
50	389	409	427
51	709	728	748
52	925	944	964
53	601	619	643
54	342	362	380
55	592	610	630
56	977	995	1015
57	342	362	382
58	393	413	433
59	365	385	403
60	76	94	114
61	24	44	64
62	43	63	81
63	980	998	1018
64	333	351	369
65	112	130	150
66	573	591	611
67	404	424	442
68	989	1009	1027
69	629	648	668
70	39	57	77
71	510	528	548
72	373	393	413
73	852	872	892
74	944	964	982
75	713	732	752
76	234	254	272
77	890	910	928
78	96	116	135
79	177	196	216
80	596	616	634
81	686	706	724
82	521	539	557
83	119	137	157
84	108	128	147
85	243	274	302
86	432	452	470
87	821	839	859
88	412	430	450
89	1000	1018	1038
90	697	715	735
91	777	795	815
92	946	966	990
93	834	852	872
94	933	951	971
95	536	554	574
96	717	737	763
97	87	105	125
98	532	550	570
99	397	415	437
100	845	865	883
101	675	693	713
102	937	955	975
103	1004	1035	7
104	693	713	733
105	288	306	326
106	142	162	180
107	290	308	328
108	294	312	332
109	123	141	161
110	532	552	570
111	731	749	769
112	389	409	427
113	221	239	259
114	302	322	340
115	320	340	358
116	847	865	885
117	106	126	144
118	914	934	952
119	567	587	607
120	294	317	341
121	82	100	120
122	766	786	804
123	268	286	306
124	590	608	628
125	131	151	169
126	299	319	339
127	240	258	278
128	646	666	684
129	303	323	341
130	895	913	933
131	584	602	622
132	716	736	754
133	862	882	900
134	142	162	182
135	474	492	512
136	402	422	440
137	189	207	227
138	95	115	133
139	284	304	322
140	230	250	270
141	78	96	116
142	71	91	109
143	421	439	459
144	554	572	592
145	269	289	308
146	356	374	394
147	938	958	976
148	245	263	283
149	937	957	975
150	997	1017	1035
151	828	848	866
152	953	971	991
153	57	77	95
154	323	343	361
155	402	422	440
156	871	891	909
157	404	422	442
158	484	504	523
159	565	584	604
160	738	758	777
161	1010	1030	9
162	721	739	759
163	570	588	608
164	853	873	891
165	401	421	439
166	131	151	169
167	490	510	528
168	130	148	168
169	706	724	744
170	837	857	877
171	644	662	682
172	328	346	366
173	841	861	879
174	614	632	652
175	716	736	754
176	232	250	270
177	427	447	465
178	121	139	157
179	786	806	824
180	400	418	438
181	337	355	375
182	1008	6	26
183	899	917	937
184	104	123	143
185	376	396	414
186	151	171	190
187	893	913	933
188	331	349	369
189	228	246	266
190	849	869	887
191	522	542	560
192	1012	5	25
193	176	194	214
194	84	102	122
195	181	200	220
196	100	118	138
197	733	751	771
198	813	831	851
199	702	722	740
200	543	562	582
201	700	720	739
202	28	46	66
203	650	674	694
204	636	656	674
205	336	355	375
206	865	883	903
207	813	833	852
208	385	405	423
209	723	741	761
210	903	921	939
211	618	638	658
212	683	703	723
213	823	843	861
214	603	623	642
215	399	419	437
216	157	177	195
217	603	621	641
218	82	102	120
219	728	748	767
220	301	319	339
221	667	685	705
222	627	645	665
223	884	902	922
224	135	153	173
225	758	776	796
226	353	373	391
227	314	332	352
228	809	828	848
229	804	822	840
230	77	97	117
231	851	871	889
232	116	134	154
233	749	767	787
234	663	682	702
235	208	226	244
236	338	358	377
237	286	306	326
238	642	662	680
239	601	620	640
240	663	681	701
241	959	977	997
242	233	251	271
243	346	364	384
244	220	238	256
245	269	287	307
246	543	561	581
247	612	632	650
248	558	578	596
249	743	763	783
250	282	302	321
251	187	205	225
252	202	220	240
253	328	346	366
254	369	389	409
255	888	907	927
256	603	621	641
257	867	887	905
258	213	233	251
259	478	496	516
260	250	270	289
261	539	559	578
262	504	522	542
263	685	705	725
264	534	554	572
265	577	597	615
266	860	878	898
267	503	522	542
268	586	604	624
269	671	691	709
270	954	972	992
271	736	754	774
272	339	359	377
273	609	629	649
274	520	538	558
275	433	451	471
276	686	706	726
277	843	861	881
278	905	925	943
279	168	186	206
280	817	835	853
281	830	848	868
282	756	776	795
283	10	30	48
284	333	351	371
285	605	625	643
286	73	91	111
287	292	310	330
288	63	83	101
289	446	466	484
290	881	901	921
291	241	259	279
292	468	488	508
293	288	308	326
294	494	514	532
295	500	518	538
296	712	730	750
297	800	820	838
298	475	493	512
299	262	282	300
300	541	561	579
301	898	916	936
302	15	33	53
303	353	373	393
304	245	265	285
305	132	150	170
306	716	734	754
307	809	829	847
308	931	951	969
309	826	844	864
310	684	702	722
311	33	51	71
312	777	797	817
313	322	342	360
314	112	130	148
315	215	233	253
316	172	190	210
317	763	781	801
318	273	291	311
319	468	486	506
320	927	945	965
321	845	865	885
322	921	939	959
323	1058	1078	1098
324	541	559	579
325	408	428	448
326	1002	1022	1040
327	703	721	739
328	402	420	440
329	190	208	228
330	195	215	233
331	869	887	907
332	414	432	452
333	376	396	416
334	247	265	285
335	425	445	463
336	481	501	519
337	648	666	684
338	691	709	729
339	963	981	1001
340	1000	1019	1039
341	373	391	411
342	191	209	229
343	644	662	682
344	311	329	347
345	201	221	240
346	436	456	474
347	613	631	649
348	385	403	423
349	507	525	545
350	106	124	144
351	321	341	359
352	678	697	715
353	712	730	748
354	890	908	928
355	513	533	551
356	233	252	272
357	917	935	955
358	998	1016	1036
359	592	610	630
360	657	677	695
361	376	396	416
362	268	286	306
363	185	203	223
364	230	250	268
365	225	243	263
366	920	940	958
367	140	160	178
368	822	842	861
369	569	589	609
370	241	259	279
371	585	603	623
372	826	844	864
373	554	572	592
374	980	998	1018
375	412	432	452
376	371	389	409
377	70	90	109
378	413	437	461
379	779	797	815
380	766	784	804
381	310	330	348
382	794	812	832
383	682	700	720
384	799	819	838
385	439	459	478
386	282	302	324
387	273	293	311
388	142	162	180
389	292	310	330
390	136	156	174
391	464	484	502
392	468	486	504
393	495	515	533
394	449	467	487
395	9	29	47
396	228	248	267
397	204	222	242
398	399	417	437
399	466	484	504
400	446	466	484
401	848	867	887
402	749	769	788
403	153	171	191
404	811	831	850
405	183	203	221
406	606	625	645
407	294	314	332
408	789	809	827
409	226	244	264
410	78	96	114
411	112	132	150
412	783	803	821
413	650	670	688
414	389	407	427
415	144	162	182
416	243	263	281
417	59	77	97
418	937	957	975
419	29	49	67
420	100	118	138
421	185	203	223
422	759	779	799
423	110	130	148
424	842	860	880
425	772	790	810
426	637	657	675
427	299	318	338
428	335	353	371
429	659	679	697
430	193	213	231
431	735	755	773
432	525	543	563
433	341	359	379
434	541	559	579
435	914	932	952
436	228	246	266
437	532	550	570
438	456	475	495
439	624	642	662
440	916	936	954
441	346	364	384
442	718	736	756
443	686	706	724
444	616	636	654
445	762	780	800
446	626	644	664
447	27	45	65
448	787	805	825
449	305	323	343
450	134	154	172
451	810	830	848
452	393	413	431
453	50	70	88
454	961	979	999
455	905	923	943
456	245	265	283
457	734	754	772
458	160	179	199
459	326	344	364
460	69	87	107
461	50	68	88
462	498	516	536
463	503	522	542
464	442	460	480
465	451	469	489
466	102	122	142
467	142	160	180
468	781	801	819
469	196	215	233
470	725	743	763
471	933	951	971
472	320	340	360
473	519	539	557
474	513	533	553
475	27	45	65
476	212	230	250
477	345	363	383
478	87	107	125
479	509	527	547
480	466	486	504
481	358	378	396
482	611	631	651
483	819	839	857
484	607	625	645
485	622	642	660
486	957	975	995
487	378	396	416
488	220	238	258
489	53	73	91
490	378	398	416
491	815	835	853
492	312	330	350
493	683	703	721
494	661	679	699
495	38	58	86
496	46	64	82
497	719	737	757
498	439	458	478
499	421	441	459
500	796	816	834
501	656	676	694
502	843	863	881
503	535	553	573
504	474	492	512
505	935	955	973
506	1007	1025	8
507	838	856	876
508	123	143	161
509	157	177	195
510	289	309	328
511	593	611	631
512	464	483	503
513	333	351	371
514	936	956	974
515	1002	1022	1042
516	559	579	598
517	44	64	83
518	446	464	482
519	860	880	898
520	306	326	346
521	295	313	333
522	32	52	70
523	565	585	603
524	374	394	412
525	987	1005	1025
526	59	77	97
527	541	561	581
528	134	154	172
529	77	95	115
530	228	248	268
531	547	565	585
532	942	960	980
533	749	769	788
534	502	520	540
535	82	100	120
536	447	465	485
537	925	943	963
538	623	643	662
539	918	936	956
540	622	642	660
541	839	857	875
542	508	528	546
543	695	713	733
544	384	402	422
545	435	453	473
546	893	913	931
547	453	473	491
548	757	775	795
549	254	274	293
550	14	32	52
551	60	78	98
552	98	118	144
553	435	453	478
554	720	740	758
555	905	925	943
556	825	843	863
557	97	117	135
558	481	499	519
559	515	535	553
560	738	758	778
561	52	72	90
562	909	929	947
563	922	940	960
564	515	537	557
565	123	141	161
566	858	876	896
567	50	70	90
568	328	346	366
569	937	955	975
570	741	760	780
571	6	26	45
572	584	604	622
573	161	179	199
574	787	805	823
575	557	575	595
576	571	591	609
577	492	510	530
578	542	560	580
579	534	552	572
580	372	392	410
581	153	173	192
582	618	636	656
583	969	987	1007
584	576	595	615
585	202	222	242
586	597	617	635
587	831	851	871
588	85	105	125
589	1013	1033	7
590	678	698	716
591	392	410	430
592	400	420	439
593	659	679	699
594	35	55	73
595	243	261	281
596	652	672	690
597	500	518	538
598	462	482	500
599	487	507	525
600	543	561	581
601	22	42	62
602	760	778	798
603	813	831	851
604	354	372	392
605	765	783	803
606	588	606	626
607	253	271	291
608	63	81	101
609	922	942	960
610	716	736	754
611	995	1015	1033
612	108	128	147
613	321	340	360
614	663	681	701
615	648	668	686
616	631	651	669
617	728	748	766
618	556	574	594
619	933	951	971
620	991	1011	1033
621	393	411	431
622	155	173	193
623	531	549	569
624	199	219	238
625	635	655	673
626	20	40	58
627	512	530	550
628	798	816	836
629	423	441	461
630	372	391	411
631	149	167	185
632	868	886	906
633	829	849	873
634	258	278	296
635	384	404	424
636	1011	1029	7
637	40	59	79
638	78	96	116
639	524	544	562
640	757	775	795
641	91	109	129
642	37	57	75
643	537	555	575
644	164	184	202
645	851	869	889
646	440	458	478
647	597	616	636
648	211	229	249
649	659	677	697
650	282	301	321
651	155	173	193
652	841	861	879
653	544	563	583
654	1010	3	23
655	577	597	615
656	511	531	549
657	846	866	885
658	929	949	968
659	95	115	133
660	914	932	952
661	461	481	501
662	588	606	626
663	517	535	555
664	488	508	526
665	400	420	440
666	297	315	335
667	288	306	326
668	978	998	1017
669	654	672	692
670	55	75	93
671	61	81	99
672	471	489	509
673	941	959	979
674	27	47	65
675	503	522	542
676	37	57	77
677	168	186	206
678	690	708	726
679	836	854	874
680	165	185	203
681	67	87	105
682	682	700	720
683	840	860	878
684	714	732	752
685	627	645	665
686	586	605	625
687	847	865	885
688	699	719	737
689	616	634	654
690	830	848	868
691	426	445	465
692	408	428	446
693	704	722	742
694	604	623	643
695	404	424	442
696	444	462	482
697	347	367	385
698	235	255	273
699	999	1017	1037
700	290	308	328
701	680	698	718
702	903	923	941
703	526	546	564
704	402	421	441
705	331	351	370
706	519	537	557
707	697	717	735
708	384	402	422
709	158	176	196
710	508	526	546
711	252	272	291
712	408	428	446
713	653	673	692
714	243	261	281
715	937	955	975
716	704	722	742
717	820	840	859
718	867	887	905
719	138	156	176
720	209	229	247
721	483	503	521
722	776	794	814
723	498	518	537
724	616	636	654
725	976	996	1014
726	5	23	43
727	378	396	416
728	200	220	238
729	224	242	262
730	318	336	356
731	708	728	746
732	507	526	546
733	761	779	799
734	595	615	634
735	136	156	174
736	507	527	546
737	485	505	525
738	554	572	592
739	418	436	454
740	910	930	949
741	10	28	48
742	554	573	593
743	207	227	247
744	945	963	983
745	869	889	907
746	892	910	928
747	187	205	225
748	524	542	562
749	91	111	131
750	108	128	146
751	70	90	110
752	976	994	1014
753	376	394	412
754	591	610	630
755	933	951	971
756	397	415	435
757	200	218	236
758	542	562	580
759	712	730	750
760	717	737	755
761	860	878	898
762	603	623	641
763	538	558	578
764	80	100	118
765	522	540	560
766	764	784	803
767	121	140	160
768	389	407	427
769	320	338	358
770	596	616	634
771	207	227	245
772	410	430	448
773	210	230	248
774	404	422	442
775	5	23	43
776	755	775	799
777	898	916	936
778	501	521	541
779	410	428	448
780	206	226	244
781	575	593	613
782	365	385	403
783	237	255	275
784	875	895	913
785	325	345	363
786	315	335	353
787	410	430	448
788	148	166	186
789	234	254	272
790	731	751	769
791	751	769	789
792	14	32	52
793	496	516	534
794	673	693	711
795	682	702	720
796	757	775	795
797	918	936	956
798	640	660	678
799	84	102	120
800	442	462	480
801	414	432	452
802	118	136	156
803	29	49	68
804	200	218	238
805	661	681	700
806	723	743	761
807	215	233	253
808	654	674	692
809	166	185	205
810	923	941	961
811	487	507	525
812	115	135	153
813	131	151	169
814	404	423	443
815	1025	1045	1063
816	365	383	403
817	175	193	213
818	787	805	825
819	584	602	622
820	830	848	868
821	907	925	945
822	509	527	545
823	73	93	113
824	321	341	360
825	642	660	680
826	281	301	319
827	614	632	652
828	744	764	782
829	933	953	971
830	456	474	494
831	820	839	859
832	50	68	86
833	144	164	182
834	740	758	778
835	196	214	232
836	693	711	731
837	506	524	542
838	260	278	298
839	69	89	109
840	554	572	592
841	194	214	234
842	711	731	749
843	434	452	472
844	899	917	937
845	63	81	101
846	691	711	731
847	764	784	802
848	790	810	828
849	166	184	204
850	27	47	65
851	880	900	918
852	779	799	817
853	781	799	819
854	301	321	339
855	189	207	227
856	1016	7	27
857	140	158	178
858	823	841	861
859	674	692	712
860	249	267	287
861	997	1017	1035
862	106	124	143
863	526	546	566
864	837	855	875
865	545	563	583
866	723	741	761
867	202	220	240
868	644	662	680
869	301	321	339
870	404	424	442
871	440	458	478
872	397	415	435
873	144	162	182
874	250	270	290
875	751	771	789
876	63	81	100
877	794	813	833
878	513	533	551
879	519	539	557
880	702	722	741
881	41	61	79
882	455	475	493
883	667	687	705
884	753	773	791
885	913	931	951
886	140	158	178
887	755	775	793
888	415	435	453
889	1020	1040	1058
890	438	456	476
891	403	423	443
892	123	143	163
893	414	432	450
894	896	914	934
895	990	1008	1028
896	324	344	364
897	575	595	613
898	933	952	972
899	987	1007	1025
900	1006	3	23
901	249	267	287
902	283	301	321
903	588	608	627
904	717	735	755
905	446	464	484
906	967	987	1005
907	954	972	992
908	835	853	871
909	817	835	855
910	938	958	977
911	631	649	669
912	967	985	1005
913	438	458	476
914	564	584	602
915	376	394	414
916	434	452	471
917	807	826	846
918	651	670	690
919	367	385	405
920	875	893	913
921	22	42	60
922	198	216	236
923	982	1002	1020
924	115	133	153
925	316	334	354
926	226	244	264
927	905	925	943
928	332	350	370
929	597	617	635
930	614	632	652
931	704	722	742
932	309	327	347
933	985	1005	1024
934	172	190	210
935	769	788	808
936	380	400	420
937	978	998	1018
938	206	224	244
939	427	445	465
940	635	655	673
941	132	150	170
942	266	284	304
943	196	216	234
944	101	119	139
945	496	514	534
946	637	655	675
947	909	927	947
948	554	574	594
949	594	614	634
950	845	863	883
951	270	290	308
952	298	318	338
953	766	786	806
954	895	913	933
955	288	306	326
956	635	653	673
957	648	666	686
958	313	333	351
959	265	285	303
960	543	561	581
961	554	574	594
962	284	304	1305
963	605	623	643
964	937	957	975
965	192	210	230
966	232	250	270
967	564	582	602
968	1002	1022	5
969	49	68	88
970	350	368	388
971	921	940	960
972	775	795	815
973	710	730	748
974	823	843	861
975	933	953	971
976	696	716	735
977	753	771	791
978	203	223	243
979	584	604	622
980	159	177	197
981	526	546	564
982	75	95	113
983	130	150	168
984	663	683	701
985	218	238	257
986	414	432	452
987	371	389	409
988	801	821	841
989	698	718	736
990	666	684	704
991	920	938	958
992	556	576	595
993	275	295	313
994	283	301	321
995	297	317	335
996	793	813	831
997	248	267	287
998	706	730	748
999	211	229	249
