
Reaction test v3
type	A+B+C
number	1000

max value	65536
unit	us

test	A	B	C
0	399	415	395
1	295	270	276
2	593	602	598
3	176	292	171
4	767	759	786
5	930	975	936
6	348	377	353
7	202	191	183
8	933	937	960
9	408	380	386
10	49	30	26
11	149	121	125
12	396	391	410
13	255	277	251
14	924	896	902
15	644	671	648
16	938	933	957
17	606	594	789
18	1007	1012	153
19	156	147	171
20	808	803	828
21	341	316	323
22	517	489	495
23	279	285	275
24	831	806	810
25	87	116	92
26	659	678	665
27	660	633	640
28	430	435	454
29	273	291	286
30	480	457	461
31	30	26	36
32	337	321	341
33	621	616	638
34	185	167	177
35	883	904	879
36	977	972	995
37	196	205	192
38	626	620	647
39	435	431	454
40	231	258	238
41	512	508	535
42	392	412	398
43	900	875	882
44	316	325	321
45	939	910	916
46	592	580	575
47	375	370	395
48	195	199	218
49	459	454	478
50	704	709	728
51	570	565	592
52	515	511	530
53	513	485	491
54	496	507	502
55	241	251	1273
56	156	125	137
57	471	485	466
58	369	384	364
59	423	427	446
60	821	844	827
61	491	483	495
62	526	532	553
63	727	721	746
64	204	212	222
65	87	118	93
66	222	245	227
67	961	982	967
68	585	581	606
69	664	685	674
70	399	374	378
71	903	898	74
72	1011	3	1016
73	785	758	767
74	205	176	184
75	978	1003	985
76	609	605	630
77	295	275	305
78	472	468	487
79	28	32	55
80	129	154	133
81	838	834	852
82	111	107	125
83	534	515	520
84	187	183	202
85	661	647	642
86	675	652	648
87	243	247	261
88	433	426	447
89	302	328	306
90	1021	1015	6
91	433	412	418
92	872	867	894
93	188	199	193
94	374	379	395
95	564	582	568
96	981	976	1005
97	248	223	227
98	826	822	849
99	512	507	532
100	821	817	836
101	361	357	384
102	774	749	753
103	309	282	289
104	757	761	776
105	1013	999	994
106	579	604	585
107	995	991	1002
108	920	890	896
109	541	522	528
110	966	956	985
111	915	905	934
112	810	801	833
113	789	801	784
114	568	539	543
115	123	134	129
116	86	61	65
117	217	204	198
118	307	301	322
119	128	103	109
120	365	388	369
121	60	56	85
122	213	194	201
123	559	545	568
124	348	374	354
125	60	56	248
126	962	945	951
127	810	833	806
128	162	143	148
129	35	39	54
130	658	633	639
131	237	242	262
132	838	834	857
133	877	851	857
134	803	798	825
135	144	163	139
136	321	344	328
137	28	24	45
138	437	432	451
139	390	365	371
140	137	120	116
141	209	198	216
142	675	650	655
143	651	647	675
144	69	41	47
145	817	821	840
146	646	650	666
147	445	427	431
148	112	108	136
149	71	86	67
150	212	207	226
151	581	589	601
152	716	712	742
153	750	732	746
154	620	625	631
155	482	453	459
156	65	40	45
157	355	335	341
158	284	291	313
159	980	997	985
160	415	398	393
161	848	819	825
162	724	714	718
163	236	205	212
164	58	31	41
165	717	721	746
166	503	593	498
167	434	444	463
168	219	194	204
169	31	21	50
170	797	813	792
171	727	702	706
172	396	373	369
173	211	207	232
174	293	273	279
175	193	197	212
176	551	547	574
177	839	860	835
178	452	423	427
179	973	977	998
180	616	622	647
181	890	990	886
182	36	45	68
183	433	414	410
184	686	692	682
185	51	62	56
186	705	568	572
187	620	597	603
188	836	832	828
189	608	583	589
190	290	295	321
191	692	678	697
192	243	271	239
193	1012	14	10
194	49	45	79
195	96	80	104
196	379	345	355
197	697	673	677
198	1015	999	1005
199	403	421	409
200	684	659	666
201	338	333	358
202	975	967	999
203	641	631	661
204	1018	991	999
205	266	241	247
206	822	827	845
207	102	83	90
208	328	332	356
209	114	118	139
210	455	451	476
211	1016	999	995
212	332	301	316
213	505	594	512
214	1014	995	991
215	55	74	60
216	150	135	131
217	960	944	970
218	880	870	876
219	788	793	809
220	109	80	84
221	568	539	546
222	502	492	525
223	521	525	539
224	901	905	928
225	1022	992	998
226	167	140	146
227	706	733	712
228	706	710	717
229	430	410	421
230	990	973	969
231	905	930	913
232	672	655	680
233	543	524	530
234	274	256	262
235	344	367	350
236	915	911	929
237	588	613	594
238	630	640	636
239	693	698	716
240	366	387	371
241	326	297	303
242	672	653	660
243	39	45	35
244	260	256	279
245	525	496	501
246	803	788	793
247	413	406	402
248	265	238	244
249	676	672	691
250	185	189	208
251	373	348	354
252	1012	5	23
253	570	543	549
254	830	841	836
255	1017	1006	1011
256	713	718	744
257	443	416	420
258	227	231	257
259	885	858	864
260	606	766	611
261	858	879	862
262	101	91	118
263	210	175	189
264	774	764	785
265	883	873	904
266	207	178	182
267	111	122	116
268	721	740	727
269	906	901	920
270	646	650	674
271	755	759	782
272	112	84	94
273	725	754	730
274	128	99	111
275	26	43	22
276	675	654	658
277	968	989	978
278	729	723	747
279	362	358	378
280	364	339	345
281	728	723	748
282	54	35	41
283	847	862	843
284	583	558	564
285	594	588	611
286	896	900	924
287	942	926	952
288	1011	6	1017
289	164	183	170
290	333	337	362
291	320	328	352
292	671	646	651
293	422	447	428
294	766	789	772
295	249	264	245
296	38	30	34
297	350	335	341
298	504	594	510
299	271	276	298
300	380	355	362
301	518	502	514
302	34	51	29
303	444	439	466
304	845	816	821
305	830	834	851
306	467	438	442
307	226	215	219
308	629	635	650
309	742	746	776
310	514	510	528
311	513	538	518
312	731	704	710
313	682	663	668
314	960	956	979
315	414	418	437
316	949	911	917
317	291	266	272
318	952	925	932
319	388	361	369
320	570	545	549
321	584	589	611
322	112	123	116
323	83	76	99
324	361	384	367
325	142	146	160
326	416	420	443
327	1009	7	1021
328	711	706	733
329	892	910	898
330	196	221	202
331	51	22	26
332	913	888	894
333	759	769	765
334	80	72	103
335	937	908	913
336	617	623	637
337	642	621	631
338	591	566	570
339	62	57	81
340	48	69	56
341	383	362	358
342	713	718	742
343	581	577	604
344	1003	1026	999
345	708	734	718
346	495	467	473
347	389	363	373
348	418	413	435
349	859	832	837
350	155	172	159
351	500	504	527
352	75	50	56
353	898	904	893
354	181	177	200
355	750	734	760
356	74	63	81
357	413	403	423
358	347	322	328
359	415	426	420
360	712	789	708
361	895	922	905
362	813	817	838
363	85	58	62
364	279	275	293
365	777	781	808
366	868	844	839
367	708	687	700
368	473	484	480
369	1015	3	1011
370	754	771	779
371	950	12	945
372	697	693	716
373	222	234	257
374	905	892	896
375	439	433	453
376	70	88	108
377	573	577	605
378	83	78	97
379	220	224	239
380	723	719	748
381	735	730	755
382	671	667	686
383	855	828	833
384	238	263	242
385	348	319	326
386	697	701	726
387	427	423	448
388	233	238	260
389	709	698	704
390	660	677	655
391	438	434	457
392	767	738	745
393	572	568	576
394	992	965	971
395	211	206	202
396	166	185	172
397	323	318	343
398	420	391	397
399	501	476	480
400	839	861	844
401	73	77	91
402	107	80	88
403	891	873	879
404	508	512	531
405	549	545	555
406	283	278	297
407	667	688	673
408	684	709	690
409	588	614	584
410	364	339	345
411	470	454	476
412	694	689	708
413	681	686	708
414	151	147	176
415	467	462	489
416	761	767	784
417	279	258	265
418	583	558	564
419	457	429	435
420	943	914	919
421	476	497	472
422	67	71	266
423	815	787	797
424	529	509	525
425	848	868	843
426	301	297	322
427	746	717	723
428	661	666	686
429	932	1011	928
430	513	517	536
431	375	350	356
432	46	75	52
433	954	949	976
434	817	813	840
435	553	557	580
436	413	418	434
437	427	455	433
438	626	601	605
439	365	369	393
440	1012	1037	1016
441	697	678	687
442	541	546	537
443	733	752	729
444	719	693	697
445	990	994	1016
446	791	766	771
447	410	414	437
448	332	327	356
449	96	91	112
450	821	838	817
451	351	329	336
452	822	826	847
453	412	435	416
454	353	324	328
455	815	844	821
456	820	837	845
457	491	509	495
458	522	549	527
459	288	318	294
460	176	182	203
461	855	832	838
462	901	926	907
463	290	286	306
464	632	603	613
465	795	772	776
466	515	505	540
467	989	999	1010
468	975	988	979
469	587	593	582
470	892	888	909
471	210	204	199
472	56	35	47
473	152	147	166
474	838	833	852
475	537	521	547
476	315	303	320
477	350	329	335
478	94	72	77
479	608	603	634
480	151	162	158
481	431	447	442
482	678	661	667
483	7	1017	1013
484	800	804	825
485	422	406	418
486	719	710	728
487	941	933	960
488	449	453	480
489	232	249	228
490	454	436	449
491	43	39	210
492	598	569	573
493	259	252	279
494	719	724	738
495	223	204	199
496	363	392	373
497	211	200	206
498	199	176	182
499	182	155	161
500	283	311	289
501	924	942	928
502	359	363	378
503	608	549	563
504	896	914	906
505	804	833	810
506	368	364	359
507	766	771	791
508	805	788	797
509	680	705	685
510	528	533	539
511	236	209	215
512	488	470	483
513	935	945	964
514	947	965	942
515	628	624	651
516	404	416	420
517	552	571	558
518	241	251	245
519	336	341	365
520	21	1014	6
521	577	602	587
522	343	318	324
523	946	969	954
524	741	718	722
525	954	962	973
526	131	137	156
527	336	354	331
528	549	402	408
529	71	54	58
530	579	598	585
531	210	203	224
532	451	456	478
533	825	831	853
534	689	699	718
535	927	920	916
536	324	319	344
537	614	639	620
538	378	389	383
539	673	692	669
540	810	787	819
541	423	435	431
542	490	509	495
543	118	114	134
544	932	951	928
545	362	356	352
546	564	543	549
547	528	538	534
548	389	385	412
549	677	672	699
550	707	723	702
551	722	717	746
552	873	869	896
553	535	539	530
554	876	866	872
555	578	551	561
556	73	50	54
557	196	223	203
558	560	564	587
559	380	399	385
560	736	752	748
561	128	123	144
562	904	781	787
563	123	151	129
564	184	174	180
565	499	495	490
566	993	1014	999
567	342	371	352
568	142	138	163
569	945	923	930
570	116	137	112
571	157	134	140
572	783	779	798
573	212	142	158
574	238	232	253
575	846	853	873
576	926	921	952
577	91	95	111
578	832	809	813
579	733	713	708
580	684	702	690
581	446	419	426
582	470	497	476
583	113	94	101
584	775	791	801
585	470	451	458
586	544	515	520
587	795	791	818
588	907	926	903
589	339	321	316
590	680	653	660
591	1018	9	13
592	812	837	818
593	971	975	991
594	956	937	943
595	820	809	816
596	119	129	148
597	192	187	216
598	983	954	960
599	493	468	475
600	237	228	252
601	778	782	798
602	778	771	792
603	195	203	199
604	832	836	857
605	993	1014	997
606	936	911	915
607	934	930	940
608	203	208	232
609	14	37	19
610	912	907	938
611	111	106	125
612	742	769	748
613	266	249	255
614	150	146	142
615	892	866	862
616	267	292	272
617	763	742	747
618	680	655	661
619	194	213	204
620	269	298	279
621	208	212	238
622	388	361	367
623	203	230	210
624	530	526	553
625	342	361	349
626	851	878	859
627	932	948	925
628	111	93	99
629	90	85	110
630	476	451	457
631	437	441	432
632	154	123	138
633	990	1018	996
634	896	877	883
635	38	9	17
636	489	517	495
637	138	113	132
638	575	585	581
639	442	438	463
640	446	428	423
641	420	403	407
642	713	738	720
643	513	488	493
644	402	407	423
645	789	761	771
646	185	157	167
647	756	751	770
648	431	427	458
649	710	690	706
650	306	279	285
651	854	865	861
652	774	763	808
653	308	298	304
654	188	258	195
655	539	740	545
656	333	329	358
657	204	164	190
658	240	230	266
659	976	1008	980
660	893	1163	888
661	460	467	481
662	60	56	67
663	371	508	375
664	386	361	368
665	945	1014	941
666	147	128	135
667	963	986	967
668	355	340	373
669	556	468	480
670	347	342	369
671	695	670	676
672	47	22	26
673	45	20	26
674	459	434	439
675	469	449	454
676	60	50	54
677	718	711	738
678	408	412	428
679	124	119	146
680	897	922	904
681	870	889	866
682	320	347	325
683	990	985	998
684	750	745	772
685	568	572	586
686	549	554	545
687	566	507	517
688	186	198	219
689	334	329	358
690	725	707	713
691	541	553	549
692	1022	1006	7
693	259	253	281
694	114	120	142
695	31	58	37
696	46	75	53
697	106	86	96
698	783	788	810
699	747	728	735
700	236	232	258
701	564	536	546
702	468	473	489
703	932	927	954
704	253	230	226
705	791	783	810
706	339	364	335
707	881	877	904
708	207	211	232
709	891	873	877
710	222	228	247
711	555	536	542
712	60	35	39
713	15	1018	11
714	889	894	908
715	828	824	853
716	614	618	718
717	99	122	103
718	715	697	711
719	831	802	806
720	343	336	365
721	679	654	658
722	644	669	648
723	101	97	107
724	787	798	793
725	373	390	369
726	795	799	822
727	459	440	446
728	179	184	198
729	770	785	766
730	242	263	246
731	56	52	70
732	94	89	114
733	699	717	705
734	632	627	654
735	826	831	851
736	524	547	530
737	457	467	463
738	508	483	488
739	161	167	183
740	731	754	735
741	558	569	565
742	939	930	922
743	247	243	263
744	965	992	971
745	855	826	831
746	896	900	917
747	547	551	565
748	82	63	70
749	413	404	400
750	904	892	910
751	33	56	37
752	224	246	229
753	715	739	710
754	799	795	815
755	976	995	982
756	337	341	358
757	437	416	422
758	33	9	21
759	508	503	528
760	387	377	381
761	495	476	480
762	352	340	359
763	543	547	572
764	439	412	416
765	858	871	862
766	1024	1003	999
767	452	431	427
768	818	823	839
769	279	304	285
770	224	231	237
771	393	414	389
772	953	964	959
773	579	574	599
774	144	148	167
775	775	748	752
776	546	525	531
777	253	173	191
778	487	380	390
779	180	176	201
780	121	105	117
781	388	381	408
782	718	691	701
783	240	235	246
784	165	153	161
785	491	512	495
786	472	444	454
787	835	804	816
788	782	755	761
789	638	682	644
790	718	692	698
791	748	742	765
792	834	815	821
793	41	35	62
794	189	363	184
795	534	538	552
796	290	261	271
797	427	402	408
798	686	682	707
799	546	536	542
800	445	415	424
801	442	461	446
802	373	388	368
803	506	520	501
804	281	317	273
805	984	963	969
806	761	736	741
807	1020	1010	11
808	986	1008	981
809	367	336	348
810	591	586	613
811	435	412	417
812	382	365	369
813	878	853	861
814	425	419	444
815	523	500	506
816	832	836	853
817	857	847	851
818	50	71	46
819	45	16	28
820	300	296	323
821	451	470	447
822	255	226	232
823	200	196	223
824	391	395	478
825	117	128	123
826	798	808	851
827	609	605	634
828	671	667	697
829	960	935	939
830	598	594	621
831	86	82	127
832	598	592	613
833	369	396	375
834	87	104	91
835	59	43	67
836	466	489	470
837	868	872	932
838	370	365	392
839	36	55	46
840	446	442	469
841	498	470	480
842	112	117	145
843	172	149	153
844	501	472	476
845	113	106	127
846	759	738	747
847	866	862	887
848	412	433	418
849	655	650	669
850	299	328	304
851	630	625	652
852	611	617	637
853	300	271	275
854	673	677	700
855	616	620	643
856	511	515	530
857	285	260	264
858	324	343	328
859	855	859	881
860	349	324	333
861	808	804	824
862	125	98	108
863	81	86	108
864	269	274	296
865	380	376	395
866	213	217	242
867	422	397	401
868	244	258	239
869	713	697	721
870	198	202	217
871	858	863	962
872	731	746	727
873	427	402	409
874	250	275	259
875	536	540	531
876	270	241	246
877	101	120	97
878	236	232	251
879	624	636	632
880	834	828	849
881	750	735	730
882	936	930	955
883	531	516	539
884	655	636	631
885	393	368	375
886	357	380	361
887	383	412	389
888	158	153	166
889	534	528	548
890	67	86	73
891	390	361	367
892	348	353	375
893	570	542	548
894	943	939	964
895	215	240	221
896	675	655	664
897	452	441	448
898	744	750	771
899	268	243	248
900	131	154	135
901	939	943	1076
902	39	15	33
903	473	478	500
904	970	952	978
905	539	521	527
906	275	271	299
907	130	125	156
908	635	631	658
909	997	1001	1022
910	233	221	249
911	45	25	20
912	769	738	743
913	496	475	487
914	657	632	638
915	400	419	406
916	787	783	802
917	950	920	926
918	285	258	266
919	669	689	675
920	475	446	450
921	479	483	504
922	538	548	544
923	465	438	443
924	147	133	128
925	408	429	404
926	1003	712	722
927	678	688	699
928	536	559	540
929	990	962	972
930	112	122	141
931	778	774	797
932	721	725	748
933	810	806	827
934	35	60	45
935	140	145	169
936	451	455	478
937	609	613	626
938	525	504	508
939	497	481	509
940	830	853	834
941	309	313	336
942	551	546	571
943	319	314	310
944	433	443	437
945	143	165	150
946	868	864	890
947	456	423	429
948	245	249	272
949	1007	988	984
950	80	76	103
951	119	147	141
952	843	820	826
953	704	709	731
954	456	477	452
955	618	678	614
956	408	395	387
957	883	873	902
958	450	508	445
959	579	378	384
960	445	129	137
961	995	991	1020
962	346	352	369
963	461	427	437
964	967	891	896
965	391	375	401
966	645	635	639
967	916	941	920
968	830	840	836
969	310	315	334
970	544	523	519
971	879	854	860
972	846	825	831
973	830	801	808
974	719	746	725
975	755	759	783
976	878	873	869
977	631	658	637
978	103	107	129
979	495	516	491
980	808	813	804
981	868	864	889
982	195	166	171
983	684	657	664
984	540	515	520
985	463	488	469
986	776	772	802
987	46	51	67
988	519	523	546
989	331	335	350
990	192	197	221
991	962	958	988
992	914	897	924
993	442	452	462
994	191	187	206
995	315	311	339
996	132	136	159
997	176	201	182
998	157	162	321
999	256	238	233
